1642009316269 0.724453866481781 0
1642009317421 0.6310575604438782 1
1642009318484 0.5936969518661499 2
1642009319509 0.5699599385261536 3
1642009320374 0.5559490919113159 4
1642009321296 0.5483211874961853 5
1642009322169 0.5381322503089905 6
1642009323025 0.5347062349319458 7
1642009323884 0.5292614698410034 8
1642009324747 0.5213881134986877 9
1642009325611 0.517325222492218 10
1642009326497 0.5151177048683167 11
1642009327377 0.5123338103294373 12
1642009328237 0.5083879232406616 13
1642009329101 0.5017493963241577 14
1642009329962 0.49463993310928345 15
1642009330823 0.4920770525932312 16
1642009331683 0.4899355471134186 17
1642009332543 0.4820007085800171 18
1642009333425 0.47978994250297546 19
1642009334292 0.47850558161735535 20
1642009335154 0.478509783744812 21
1642009336010 0.469435453414917 22
1642009336915 0.4691946506500244 23
1642009337782 0.46038857102394104 24
1642009338647 0.4579370319843292 25
1642009339532 0.45544686913490295 26
1642009340404 0.45152196288108826 27
1642009341262 0.4433879256248474 28
1642009342121 0.4471360445022583 29
1642009342983 0.44327130913734436 30
1642009343842 0.43785279989242554 31
1642009344697 0.43243497610092163 32
1642009345577 0.4268822968006134 33
1642009346447 0.42316004633903503 34
1642009347304 0.4227199852466583 35
1642009348169 0.4157218933105469 36
1642009349025 0.4098564684391022 37
1642009349883 0.40915167331695557 38
1642009350738 0.40481892228126526 39
1642009351602 0.40593278408050537 40
1642009352562 0.39820802211761475 41
1642009353483 0.39269793033599854 42
1642009354350 0.3942561745643616 43
1642009355216 0.38848876953125 44
1642009356079 0.3855939209461212 45
1642009356941 0.38058459758758545 46
1642009357799 0.3758944272994995 47
1642009358667 0.37665972113609314 48
1642009359521 0.369194358587265 49
1642009360430 0.3634505569934845 50
1642009361382 0.36046329140663147 51
1642009362258 0.3628413677215576 52
1642009363124 0.3554370105266571 53
1642009363987 0.35989969968795776 54
1642009364869 0.34937530755996704 55
1642009365740 0.34808677434921265 56
1642009366617 0.3443615436553955 57
1642009367479 0.33711114525794983 58
1642009368343 0.33607280254364014 59
1642009369204 0.3391681909561157 60
1642009370065 0.3329424262046814 61
1642009370924 0.33411139249801636 62
1642009371784 0.3288763165473938 63
1642009372672 0.3228435516357422 64
1642009373548 0.3222135603427887 65
1642009374419 0.3232037127017975 66
1642009375283 0.3195517063140869 67
1642009376148 0.31674468517303467 68
1642009377009 0.31749191880226135 69
1642009377873 0.3135465383529663 70
1642009378734 0.31210631132125854 71
1642009379618 0.3140493929386139 72
1642009380491 0.300873726606369 73
1642009381363 0.3078412413597107 74
1642009382228 0.3027515411376953 75
1642009383093 0.3000890016555786 76
1642009383955 0.2945310175418854 77
1642009384821 0.30240216851234436 78
1642009385712 0.29429927468299866 79
