1641956484467 0.09069906920194626 0
1641956485340 0.0658896416425705 1
1641956486301 0.062231406569480896 2
1641956487165 0.05950118973851204 3
1641956488007 0.05742504447698593 4
1641956488849 0.05657903477549553 5
1641956489647 0.05584651604294777 6
1641956490480 0.054771095514297485 7
1641956491290 0.05437528342008591 8
1641956492128 0.053850207477808 9
1641956492939 0.05310970917344093 10
1641956493736 0.05299677327275276 11
1641956494574 0.052099697291851044 12
1641956495415 0.052153099328279495 13
1641956496222 0.05160091072320938 14
1641956497059 0.051589641720056534 15
1641956497861 0.050405777990818024 16
1641956498709 0.050241850316524506 17
1641956499508 0.05035240575671196 18
1641956500351 0.0498010478913784 19
1641956501153 0.04942689836025238 20
1641956501997 0.04890470206737518 21
1641956502826 0.048343509435653687 22
1641956503634 0.04831517115235329 23
1641956504471 0.04780945926904678 24
1641956505273 0.04745790734887123 25
1641956506106 0.046896617859601974 26
1641956506908 0.04706158861517906 27
1641956507757 0.0464709997177124 28
1641956508566 0.045986633747816086 29
1641956509397 0.04568726196885109 30
1641956510193 0.045575134456157684 31
1641956511031 0.045062217861413956 32
1641956511838 0.04449068382382393 33
1641956512672 0.04453710466623306 34
1641956513528 0.043646179139614105 35
1641956514331 0.043417733162641525 36
1641956515169 0.042747512459754944 37
1641956515967 0.04291907325387001 38
1641956516796 0.04218032583594322 39
1641956517600 0.042335305362939835 40
1641956518448 0.04255521297454834 41
1641956519284 0.041774775832891464 42
1641956520135 0.04031053185462952 43
1641956521044 0.040716782212257385 44
1641956521922 0.04009493812918663 45
1641956522724 0.03923576697707176 46
1641956523561 0.03906094655394554 47
1641956524361 0.039557088166475296 48
1641956525206 0.038342490792274475 49
1641956526007 0.037916749715805054 50
1641956526835 0.037817105650901794 51
1641956527641 0.03800726681947708 52
1641956528485 0.03715210035443306 53
1641956529329 0.037307996302843094 54
1641956530175 0.037196382880210876 55
1641956530985 0.03661327064037323 56
1641956531826 0.03605886921286583 57
1641956532671 0.03580122068524361 58
1641956533518 0.03507456183433533 59
1641956534325 0.03502762317657471 60
1641956535165 0.034968361258506775 61
1641956536013 0.03473528102040291 62
1641956536819 0.034269802272319794 63
1641956537666 0.03441883251070976 64
1641956538520 0.03448797017335892 65
1641956539363 0.033560413867235184 66
1641956540167 0.034021101891994476 67
1641956541000 0.03337036445736885 68
1641956541806 0.033204853534698486 69
1641956542640 0.032945483922958374 70
1641956543447 0.03229045867919922 71
1641956544287 0.031769268214702606 72
1641956545133 0.03217895328998566 73
1641956545939 0.031088493764400482 74
1641956546782 0.03177117556333542 75
1641956547583 0.03159353509545326 76
1641956548425 0.031402476131916046 77
1641956549265 0.03085905686020851 78
1641956550117 0.031143328174948692 79
