1641957920522 0.07696957141160965 0
1641957921358 0.07028941065073013 1
1641957922290 0.07084321230649948 2
1641957923120 0.07020121812820435 3
1641957923933 0.06987357884645462 4
1641957924680 0.07008656114339828 5
1641957925419 0.0690804123878479 6
1641957926217 0.06932798773050308 7
1641957926965 0.06955225765705109 8
1641957927708 0.07004600763320923 9
1641957928458 0.06951364874839783 10
1641957929199 0.06880883127450943 11
1641957929940 0.0690508633852005 12
1641957930685 0.0687413141131401 13
1641957931436 0.0686730369925499 14
1641957932183 0.06852366030216217 15
1641957932958 0.0689416155219078 16
1641957933713 0.06874766200780869 17
1641957934457 0.06846852600574493 18
1641957935207 0.0686054602265358 19
1641957935958 0.06873210519552231 20
1641957936688 0.06857410818338394 21
1641957937434 0.06843744963407516 22
1641957938178 0.06843598186969757 23
1641957938960 0.06892403215169907 24
1641957939724 0.06875909864902496 25
1641957940474 0.06914030760526657 26
1641957941205 0.06847476959228516 27
1641957941994 0.06839718669652939 28
1641957942757 0.06826300919055939 29
1641957943513 0.06816443800926208 30
1641957944257 0.06824818253517151 31
1641957945009 0.0683390274643898 32
1641957945761 0.06806915253400803 33
1641957946530 0.0682193785905838 34
1641957947291 0.06793548911809921 35
1641957948042 0.0681343823671341 36
1641957948808 0.06792135536670685 37
1641957949569 0.06828752905130386 38
1641957950303 0.06830019503831863 39
1641957951111 0.06809251010417938 40
1641957951856 0.0683002695441246 41
1641957952629 0.06811489909887314 42
1641957953429 0.06846189498901367 43
1641957954167 0.0682123452425003 44
1641957954926 0.06818647682666779 45
1641957955677 0.06803826242685318 46
1641957956447 0.0678744837641716 47
1641957957201 0.06795760244131088 48
1641957957960 0.06832465529441833 49
1641957958726 0.06822449713945389 50
1641957959489 0.0677943155169487 51
1641957960244 0.06780541688203812 52
1641957960988 0.06821193546056747 53
1641957961771 0.06780828535556793 54
1641957962527 0.06767523288726807 55
1641957963297 0.06785432249307632 56
1641957964059 0.06777490675449371 57
1641957964890 0.06776402145624161 58
1641957965762 0.06760846078395844 59
1641957966580 0.06757295876741409 60
1641957967327 0.06757084280252457 61
1641957968089 0.06798549741506577 62
1641957968852 0.06760325282812119 63
1641957969644 0.06773486733436584 64
1641957970409 0.0674259215593338 65
1641957971179 0.06765300780534744 66
1641957971939 0.06746431440114975 67
1641957972688 0.0674896091222763 68
1641957973476 0.06742832809686661 69
1641957974248 0.06791957467794418 70
1641957975021 0.0673806220293045 71
1641957975784 0.06771605461835861 72
1641957976541 0.06738518178462982 73
1641957977309 0.06745985150337219 74
1641957978110 0.06707249581813812 75
1641957978870 0.06715521216392517 76
1641957979635 0.06772225350141525 77
1641957980403 0.06717225164175034 78
1641957981185 0.06735672801733017 79
