1642026143284 0.07471328228712082 0
1642026145327 0.05961785092949867 1
1642026147191 0.05634332448244095 2
1642026148908 0.05454706773161888 3
1642026150558 0.05378814786672592 4
1642026152159 0.05245942249894142 5
1642026153837 0.0514812096953392 6
1642026155508 0.0510648638010025 7
1642026157185 0.04983863607048988 8
1642026158804 0.04900313913822174 9
1642026160467 0.048535749316215515 10
1642026162094 0.04774155095219612 11
1642026163681 0.046618469059467316 12
1642026165370 0.04542193189263344 13
1642026166961 0.04414547607302666 14
1642026168573 0.04360981658101082 15
1642026170267 0.04149339348077774 16
1642026171878 0.04062509536743164 17
1642026173477 0.03917508199810982 18
1642026175113 0.03774132579565048 19
1642026176794 0.03620214760303497 20
1642026178434 0.03512841835618019 21
1642026180068 0.03436265140771866 22
1642026181740 0.032674819231033325 23
1642026183368 0.0321456678211689 24
1642026184976 0.030716093257069588 25
1642026186591 0.02906934916973114 26
1642026188333 0.02821650542318821 27
1642026189980 0.02683425508439541 28
1642026191627 0.026313960552215576 29
1642026193211 0.02682967483997345 30
1642026194845 0.025200100615620613 31
1642026196430 0.02371872588992119 32
1642026197983 0.022882740944623947 33
1642026199635 0.022440368309617043 34
1642026201261 0.021817561239004135 35
1642026202899 0.02115899883210659 36
1642026204535 0.020928677171468735 37
1642026206159 0.019760672003030777 38
1642026207851 0.019407695159316063 39
1642026209395 0.01905188336968422 40
1642026211083 0.019025757908821106 41
1642026212776 0.017442574724555016 42
1642026214373 0.018485845997929573 43
1642026216083 0.01705779880285263 44
1642026217718 0.01688905991613865 45
1642026219324 0.01656094752252102 46
1642026220927 0.016757970675826073 47
1642026222552 0.01548878662288189 48
1642026224140 0.01595000922679901 49
1642026225734 0.015274466015398502 50
1642026227379 0.015193692408502102 51
1642026229002 0.01547649223357439 52
1642026230627 0.014826470986008644 53
1642026232273 0.01377806905657053 54
1642026233921 0.013552609831094742 55
1642026235506 0.014293202199041843 56
1642026237137 0.013392048887908459 57
1642026238768 0.013258797116577625 58
1642026240393 0.01311449334025383 59
1642026242046 0.01348712295293808 60
1642026243630 0.012760229408740997 61
1642026245268 0.01301580760627985 62
1642026246859 0.013064194470643997 63
1642026248484 0.012861767783761024 64
1642026250145 0.012516438961029053 65
1642026251782 0.0121911084279418 66
1642026253368 0.012000301852822304 67
1642026254999 0.011970150284469128 68
1642026256650 0.012988399714231491 69
1642026258288 0.011556614190340042 70
1642026259911 0.011341278441250324 71
1642026261600 0.011434381827712059 72
1642026263234 0.011717293411493301 73
1642026264874 0.011684738099575043 74
1642026266441 0.012016747146844864 75
1642026268056 0.010996385477483273 76
1642026269627 0.01066228561103344 77
1642026271236 0.0109254727140069 78
1642026272767 0.010935311205685139 79
