1641955266340 0.07310961186885834 0
1641955268954 0.059514742344617844 1
1641955271442 0.05649621784687042 2
1641955273821 0.055390529334545135 3
1641955276353 0.05399959906935692 4
1641955278972 0.05330725386738777 5
1641955281437 0.0532311387360096 6
1641955283806 0.05234549567103386 7
1641955286156 0.05163939669728279 8
1641955288619 0.050566986203193665 9
1641955291127 0.04992629960179329 10
1641955293587 0.05008404329419136 11
1641955296066 0.049192845821380615 12
1641955298603 0.04819191247224808 13
1641955301252 0.04711415618658066 14
1641955303722 0.04691257327795029 15
1641955306179 0.045850660651922226 16
1641955308593 0.04512780159711838 17
1641955310948 0.04411085322499275 18
1641955313330 0.04304536059498787 19
1641955315783 0.04244759678840637 20
1641955318128 0.04220062866806984 21
1641955320472 0.04086487367749214 22
1641955322872 0.0402277447283268 23
1641955325226 0.039089251309633255 24
1641955327570 0.03845604136586189 25
1641955329936 0.037695348262786865 26
1641955332273 0.03683740645647049 27
1641955334685 0.035926785320043564 28
1641955337044 0.035144418478012085 29
1641955339415 0.03428519144654274 30
1641955341768 0.0338200144469738 31
1641955344114 0.033051423728466034 32
1641955346528 0.03289384767413139 33
1641955348878 0.032117605209350586 34
1641955351223 0.031356748193502426 35
1641955353569 0.03095138818025589 36
1641955355924 0.03007844090461731 37
1641955358334 0.030482055619359016 38
1641955360694 0.02942626178264618 39
