1642024699387 0.15187481045722961 0
1642024700750 0.08309423923492432 1
1642024702089 0.074848972260952 2
1642024703250 0.06974262744188309 3
1642024704366 0.06648927927017212 4
1642024705476 0.06542816758155823 5
1642024706607 0.061831824481487274 6
1642024707750 0.060230568051338196 7
1642024708849 0.05947009101510048 8
1642024709999 0.05786033719778061 9
1642024711089 0.05755531042814255 10
1642024712220 0.056668419390916824 11
1642024713331 0.056006040424108505 12
1642024714471 0.05608629062771797 13
1642024715592 0.055556755512952805 14
1642024716690 0.05550459399819374 15
1642024717790 0.054977189749479294 16
1642024718911 0.054656632244586945 17
1642024720043 0.05496860668063164 18
1642024721160 0.05457760766148567 19
1642024722260 0.05444025993347168 20
1642024723388 0.05426093190908432 21
1642024724509 0.0538799874484539 22
1642024725619 0.054166410118341446 23
1642024726788 0.05330240726470947 24
1642024727917 0.05350266024470329 25
1642024729072 0.053075969219207764 26
1642024730177 0.052507054060697556 27
1642024731307 0.052800048142671585 28
1642024732415 0.05218835175037384 29
1642024733523 0.05196977034211159 30
1642024734621 0.05210287868976593 31
1642024735764 0.05176497995853424 32
1642024736876 0.051595211029052734 33
1642024737977 0.0510559007525444 34
1642024739017 0.05123792588710785 35
1642024740155 0.05141773447394371 36
1642024741265 0.05046193301677704 37
1642024742363 0.050828080624341965 38
1642024743481 0.05059253051877022 39
