1642021533240 0.6658602356910706 0
1642021536116 0.5773161053657532 1
1642021538821 0.5520256757736206 2
1642021541528 0.5345104336738586 3
1642021544284 0.5249754190444946 4
1642021547012 0.5170369148254395 5
1642021549788 0.5094567537307739 6
1642021552549 0.5015128254890442 7
1642021555293 0.49265122413635254 8
1642021558072 0.4833863377571106 9
1642021560794 0.4726437032222748 10
1642021563465 0.4680476188659668 11
1642021566195 0.4556194245815277 12
1642021569041 0.44741788506507874 13
1642021571735 0.4406379461288452 14
1642021574508 0.4274720549583435 15
1642021577359 0.41562336683273315 16
1642021580066 0.4036235213279724 17
1642021582866 0.3916684091091156 18
1642021585595 0.38161471486091614 19
1642021588340 0.37071382999420166 20
1642021591061 0.35693901777267456 21
1642021593831 0.351974755525589 22
1642021596468 0.3382495045661926 23
1642021599071 0.3326054811477661 24
1642021601800 0.3158664405345917 25
1642021604490 0.3143167793750763 26
1642021607130 0.30187928676605225 27
1642021609896 0.29155418276786804 28
1642021612648 0.2803786098957062 29
1642021615336 0.2751055955886841 30
1642021618208 0.2684571444988251 31
