1641940125609 0.20144926011562347 0
1641940127827 0.08536503463983536 1
1641940129690 0.07081827521324158 2
1641940131647 0.06251036375761032 3
1641940133537 0.05955033749341965 4
1641940135371 0.05829544737935066 5
1641940137274 0.057883284986019135 6
1641940139098 0.05704013630747795 7
1641940140944 0.05697710067033768 8
1641940142825 0.056363366544246674 9
1641940144655 0.05601876974105835 10
1641940146519 0.05568542331457138 11
1641940148398 0.05559081956744194 12
1641940150245 0.05526859685778618 13
1641940152082 0.05445590615272522 14
1641940153939 0.05449994280934334 15
1641940155841 0.054124291986227036 16
1641940157728 0.053384486585855484 17
1641940159567 0.053006578236818314 18
1641940161510 0.05296622961759567 19
1641940163360 0.052400682121515274 20
1641940165215 0.052213165909051895 21
1641940167092 0.05189572274684906 22
1641940169060 0.05169614031910896 23
1641940171032 0.051067840307950974 24
1641940172972 0.05108555778861046 25
1641940174950 0.05066030099987984 26
1641940176839 0.049846526235342026 27
1641940178688 0.05016246810555458 28
1641940180582 0.050185851752758026 29
1641940182465 0.04960128292441368 30
1641940184341 0.04920465126633644 31
1641940186214 0.049003053456544876 32
1641940188089 0.04914015904068947 33
1641940189940 0.048355571925640106 34
1641940191861 0.04820295423269272 35
1641940193720 0.048149287700653076 36
1641940195547 0.04761629179120064 37
1641940197377 0.04740125685930252 38
1641940199230 0.04725051671266556 39
1641940201051 0.047511085867881775 40
1641940202937 0.047280438244342804 41
1641940204757 0.04640314728021622 42
1641940206635 0.0464460514485836 43
1641940208507 0.04610070958733559 44
1641940210393 0.04611140489578247 45
1641940212295 0.046264246106147766 46
1641940214131 0.045777834951877594 47
1641940216048 0.0453348234295845 48
1641940217965 0.04587993398308754 49
1641940219807 0.04479337856173515 50
1641940221597 0.04520769044756889 51
1641940223475 0.044660016894340515 52
1641940225362 0.0450630784034729 53
1641940227300 0.044163454324007034 54
1641940229144 0.044337108731269836 55
1641940231036 0.0444503054022789 56
1641940232912 0.04444077983498573 57
1641940234750 0.04391602799296379 58
1641940236578 0.04345076531171799 59
1641940238432 0.043404243886470795 60
1641940240240 0.043851133435964584 61
1641940242093 0.044090379029512405 62
1641940244005 0.043380316346883774 63
1641940245833 0.042684342712163925 64
1641940247721 0.04318102076649666 65
1641940249507 0.043414849787950516 66
1641940251339 0.04258716106414795 67
1641940253170 0.04153154045343399 68
1641940255088 0.04233277216553688 69
1641940256906 0.0420386902987957 70
1641940258688 0.04185018315911293 71
1641940260580 0.04175517335534096 72
1641940262466 0.04227147251367569 73
1641940264371 0.041537679731845856 74
1641940266205 0.04120391607284546 75
1641940268099 0.042208198457956314 76
1641940270012 0.040960170328617096 77
1641940271932 0.041338685899972916 78
1641940273810 0.04122645780444145 79
1641940275672 0.04092783480882645 80
1641940277596 0.040629707276821136 81
1641940279578 0.040260713547468185 82
1641940281534 0.04037097096443176 83
1641940283385 0.04048094153404236 84
1641940285267 0.039914682507514954 85
1641940287189 0.039855845272541046 86
1641940289110 0.04049178957939148 87
1641940291003 0.03976473584771156 88
1641940292938 0.03977327048778534 89
1641940294782 0.03948101028800011 90
1641940296644 0.040214233100414276 91
1641940298503 0.039447538554668427 92
1641940300374 0.03923256695270538 93
1641940302215 0.03977447748184204 94
1641940304102 0.03779115527868271 95
1641940305974 0.03853042796254158 96
1641940307785 0.03864969313144684 97
1641940309693 0.03772982209920883 98
1641940311562 0.03929216414690018 99
1641940313422 0.03850042074918747 100
1641940315302 0.038853906095027924 101
1641940317223 0.03822483494877815 102
1641940319146 0.03794122487306595 103
1641940321024 0.03745405748486519 104
1641940322861 0.0376589410007 105
1641940324715 0.0382065512239933 106
1641940326569 0.03785824403166771 107
1641940328393 0.03712638467550278 108
1641940330257 0.03791471943259239 109
1641940332221 0.03809858113527298 110
1641940334135 0.03721873089671135 111
1641940336037 0.037225574254989624 112
1641940337847 0.03744057938456535 113
1641940339725 0.03818410634994507 114
1641940341632 0.036829590797424316 115
1641940343507 0.03646977245807648 116
1641940345316 0.03664153814315796 117
1641940347170 0.0370229110121727 118
1641940349094 0.036879200488328934 119
