1641955693246 0.08134276419878006 0
1641955695908 0.06252027302980423 1
1641955698532 0.05927196890115738 2
1641955701240 0.05792519077658653 3
1641955703843 0.057137519121170044 4
1641955706525 0.05641008913516998 5
1641955709137 0.05571243539452553 6
1641955711801 0.055707402527332306 7
1641955714374 0.05465756356716156 8
1641955717049 0.053859151899814606 9
1641955719803 0.053735461086034775 10
1641955722485 0.05358921363949776 11
1641955725064 0.052857905626297 12
1641955727750 0.052712295204401016 13
1641955730333 0.05272608995437622 14
1641955733005 0.05151548981666565 15
1641955735666 0.050968918949365616 16
1641955738274 0.05071410909295082 17
1641955740945 0.0502842478454113 18
1641955743519 0.05066243186593056 19
1641955746188 0.04942275211215019 20
1641955748783 0.04916282743215561 21
1641955751461 0.04855986312031746 22
1641955754052 0.0484665185213089 23
1641955756724 0.04799414798617363 24
1641955759333 0.04736309498548508 25
1641955762003 0.047650296241045 26
1641955764586 0.04720224067568779 27
1641955767270 0.04666072130203247 28
1641955769865 0.0466107502579689 29
1641955772547 0.046387381851673126 30
1641955775201 0.04585244506597519 31
1641955777820 0.045305393636226654 32
1641955780500 0.04522280767560005 33
1641955783076 0.04456561803817749 34
1641955785778 0.04606296122074127 35
1641955788351 0.04421752318739891 36
1641955791043 0.043750397861003876 37
1641955793620 0.04336906597018242 38
1641955796298 0.043371398001909256 39
1641955798903 0.042924895882606506 40
1641955801598 0.0423969142138958 41
1641955804180 0.0420759916305542 42
1641955806874 0.041942331939935684 43
1641955809546 0.04211157187819481 44
1641955812165 0.04129236564040184 45
1641955814852 0.04083326458930969 46
1641955817443 0.040847815573215485 47
1641955820134 0.04037608578801155 48
1641955822736 0.040391843765974045 49
1641955825431 0.0401754230260849 50
1641955828034 0.040403932332992554 51
1641955830736 0.04011097177863121 52
1641955833453 0.03885993734002113 53
1641955836057 0.03921998292207718 54
1641955838760 0.03899034857749939 55
1641955841367 0.0385664664208889 56
1641955844078 0.038281604647636414 57
1641955846672 0.038292296230793 58
1641955849395 0.03839902952313423 59
1641955852077 0.0375431552529335 60
1641955854651 0.03753775730729103 61
1641955857353 0.037478815764188766 62
1641955859958 0.03695353865623474 63
1641955862633 0.03695425018668175 64
1641955865301 0.037056248635053635 65
1641955867932 0.03689165040850639 66
1641955870634 0.03627611696720123 67
1641955873212 0.03573663905262947 68
1641955875890 0.03631371259689331 69
1641955878547 0.03534045070409775 70
1641955881179 0.03600514307618141 71
1641955883882 0.03552518039941788 72
1641955886475 0.03542031720280647 73
1641955889156 0.0349593423306942 74
1641955891812 0.03489730879664421 75
1641955894447 0.034819114953279495 76
1641955897152 0.03518485277891159 77
1641955899746 0.03486486151814461 78
1641955902444 0.03420202434062958 79
