1642009725747 0.07428585737943649 0
1642009728327 0.05926688387989998 1
1642009730738 0.05706796422600746 2
1642009733199 0.05569133535027504 3
1642009735620 0.054072216153144836 4
1642009738076 0.05366363748908043 5
1642009740538 0.05276326835155487 6
1642009742994 0.05226333439350128 7
1642009745437 0.051115602254867554 8
1642009747900 0.050808653235435486 9
1642009750370 0.050114307552576065 10
1642009752778 0.04947422444820404 11
1642009755248 0.04849861562252045 12
1642009757643 0.048221610486507416 13
1642009760357 0.04697028547525406 14
1642009762876 0.04585880786180496 15
1642009765361 0.04511059820652008 16
1642009767821 0.04452884569764137 17
1642009770247 0.04347853362560272 18
1642009772705 0.04238120838999748 19
1642009775131 0.041588883846998215 20
1642009777585 0.040744807571172714 21
1642009779991 0.0398673452436924 22
1642009782458 0.038791362196207047 23
1642009784873 0.03798115253448486 24
1642009787359 0.03703945875167847 25
1642009789781 0.0363522507250309 26
1642009792250 0.03529069945216179 27
1642009794672 0.03478807955980301 28
1642009797097 0.03425237908959389 29
1642009799536 0.033170733600854874 30
1642009801972 0.03241132199764252 31
1642009804431 0.03229765594005585 32
1642009806919 0.03123423270881176 33
1642009809355 0.030833879485726357 34
1642009811817 0.029949050396680832 35
1642009814226 0.029200099408626556 36
1642009816660 0.028685657307505608 37
1642009819116 0.028864171355962753 38
1642009821539 0.028035733848810196 39
1642009823948 0.027561428025364876 40
1642009826387 0.026509057730436325 41
1642009828897 0.026386534795165062 42
1642009831353 0.025955375283956528 43
1642009833816 0.025662794709205627 44
1642009836228 0.02582573890686035 45
1642009838681 0.02488195151090622 46
1642009841104 0.02422739937901497 47
1642009843520 0.0240685623139143 48
1642009846004 0.023661766201257706 49
1642009848499 0.023765966296195984 50
1642009850951 0.024195194244384766 51
1642009853408 0.02261027693748474 52
1642009855839 0.022337090224027634 53
1642009858274 0.02226567268371582 54
1642009860784 0.022460896521806717 55
1642009863248 0.02213721163570881 56
1642009865699 0.021013695746660233 57
1642009868174 0.022308338433504105 58
1642009870625 0.021479161456227303 59
1642009873035 0.020994769409298897 60
1642009875476 0.02113921009004116 61
1642009877909 0.020639043301343918 62
1642009880340 0.02047070860862732 63
1642009882746 0.019856110215187073 64
1642009885190 0.020551491528749466 65
1642009887641 0.019878754392266273 66
1642009890097 0.019403329119086266 67
1642009892505 0.019435957074165344 68
1642009895022 0.019464323297142982 69
1642009897468 0.019059959799051285 70
1642009899917 0.0191175639629364 71
1642009902360 0.018642893061041832 72
1642009904831 0.0187348872423172 73
1642009907280 0.018173567950725555 74
1642009909756 0.01868763566017151 75
1642009912214 0.018764235079288483 76
1642009914665 0.017706628888845444 77
1642009917121 0.018891429528594017 78
1642009919532 0.017570387572050095 79
