1641486685449 0.14048480987548828 0
1641486686800 0.06462033838033676 2
1641486688098 0.0579126700758934 4
1641486689484 0.05551471188664436 6
1641486690822 0.053678203374147415 8
1641486692083 0.052141573280096054 10
1641486693330 0.05097175016999245 12
1641486694576 0.05001995339989662 14
1641486695842 0.049047160893678665 16
1641486697094 0.04741819575428963 18
1641486698340 0.04737899824976921 20
1641486699587 0.0458788238465786 22
1641486700846 0.04530653730034828 24
1641486702094 0.04463624954223633 26
1641486703349 0.04308992251753807 28
1641486704586 0.041888296604156494 30
1641486705853 0.04114003852009773 32
1641486707097 0.040388304740190506 34
1641486708349 0.03980381786823273 36
1641486709592 0.0382695198059082 38
