1642008511734 0.7250900864601135 0
1642008514454 0.6219242811203003 1
1642008517032 0.585877001285553 2
1642008519637 0.5686861872673035 3
1642008522147 0.564505398273468 4
1642008524753 0.5531686544418335 5
1642008527355 0.54779452085495 6
1642008529962 0.5405750274658203 7
1642008532521 0.5383623838424683 8
1642008535128 0.5320339798927307 9
1642008537699 0.5201449990272522 10
1642008540286 0.5198929905891418 11
1642008542806 0.5180346965789795 12
1642008545546 0.5146899223327637 13
1642008548229 0.5090783834457397 14
1642008550828 0.5026183724403381 15
1642008553445 0.5020254254341125 16
1642008556046 0.4946333169937134 17
1642008558644 0.49167484045028687 18
1642008561289 0.4845484495162964 19
1642008563807 0.48608800768852234 20
1642008566429 0.48036259412765503 21
1642008569021 0.47684788703918457 22
1642008571618 0.4737964868545532 23
1642008574194 0.47428664565086365 24
1642008576785 0.46246790885925293 25
1642008579362 0.4558701813220978 26
1642008581977 0.4550955891609192 27
1642008584551 0.4553241729736328 28
1642008587159 0.4512183666229248 29
1642008589681 0.44277310371398926 30
1642008592309 0.44483694434165955 31
1642008594884 0.43913277983665466 32
1642008597511 0.43971261382102966 33
1642008600139 0.4333324730396271 34
1642008602751 0.4307013154029846 35
1642008605367 0.4212174117565155 36
1642008607939 0.4225659668445587 37
1642008610556 0.41880014538764954 38
1642008613163 0.4168868064880371 39
1642008615762 0.41629746556282043 40
1642008618339 0.40842968225479126 41
1642008620961 0.40821337699890137 42
1642008623553 0.4005832076072693 43
1642008626160 0.40206751227378845 44
1642008628737 0.39835789799690247 45
1642008631383 0.39590269327163696 46
1642008633911 0.39035406708717346 47
1642008636527 0.38446590304374695 48
1642008639142 0.3859250843524933 49
1642008641764 0.38251763582229614 50
1642008644342 0.381527304649353 51
1642008646970 0.3814052641391754 52
1642008649575 0.3750929832458496 53
1642008652191 0.36952754855155945 54
1642008654789 0.3679760992527008 55
1642008657429 0.36859941482543945 56
1642008660052 0.3694576919078827 57
1642008662687 0.36034056544303894 58
1642008665290 0.3603772521018982 59
1642008667912 0.3642891049385071 60
1642008670502 0.3530642092227936 61
1642008673237 0.35428309440612793 62
1642008675813 0.3498370945453644 63
1642008678468 0.35326552391052246 64
1642008681065 0.3516645133495331 65
1642008683694 0.3416447341442108 66
1642008686368 0.3412023186683655 67
1642008689042 0.3457143306732178 68
1642008691651 0.33502981066703796 69
1642008694301 0.34221744537353516 70
1642008696925 0.340834379196167 71
1642008699563 0.33522236347198486 72
1642008702186 0.33112362027168274 73
1642008704807 0.334016889333725 74
1642008707422 0.33001378178596497 75
1642008710049 0.32105767726898193 76
1642008712670 0.3283633291721344 77
1642008715300 0.32445430755615234 78
1642008717919 0.3157154619693756 79
