1642025369386 0.07092054188251495 0
1642025372814 0.05916314944624901 1
1642025376179 0.05690280348062515 2
1642025379426 0.05554651841521263 3
1642025382709 0.054824523627758026 4
1642025386004 0.053790658712387085 5
1642025389298 0.052310291677713394 6
1642025392665 0.0516640804708004 7
1642025395942 0.05087973177433014 8
1642025399180 0.05011861026287079 9
1642025402454 0.04936321824789047 10
1642025405839 0.048628974705934525 11
1642025409052 0.047639645636081696 12
1642025412264 0.04608209431171417 13
1642025415479 0.04568888619542122 14
1642025418856 0.04437514767050743 15
1642025421928 0.043083690106868744 16
1642025425057 0.04257887601852417 17
1642025428354 0.04111148789525032 18
1642025431666 0.04079035669565201 19
1642025434800 0.039362262934446335 20
1642025438046 0.03789053484797478 21
1642025441241 0.03659387305378914 22
1642025444391 0.03592991456389427 23
1642025447561 0.03498925268650055 24
1642025450805 0.033479031175374985 25
1642025454115 0.03213411569595337 26
1642025457318 0.032188136130571365 27
1642025460545 0.03066527098417282 28
1642025463799 0.030324621126055717 29
1642025467142 0.029128894209861755 30
1642025470290 0.02846081554889679 31
1642025473427 0.0282087754458189 32
1642025476696 0.027332838624715805 33
1642025479938 0.026553025469183922 34
1642025483160 0.02619181014597416 35
1642025486436 0.026271579787135124 36
1642025489631 0.025071030482649803 37
1642025492932 0.024365119636058807 38
1642025496166 0.024202756583690643 39
1642025499389 0.023787565529346466 40
1642025502669 0.023881597444415092 41
1642025505940 0.022861436009407043 42
1642025509165 0.02313970774412155 43
1642025512455 0.022827228531241417 44
1642025515691 0.022035399451851845 45
1642025518927 0.02137095294892788 46
1642025522109 0.020798027515411377 47
1642025525296 0.021104557439684868 48
1642025528512 0.021477453410625458 49
1642025531742 0.01981855183839798 50
1642025534934 0.019844189286231995 51
1642025538223 0.02015490084886551 52
1642025541487 0.019773654639720917 53
1642025544725 0.018356043845415115 54
1642025548040 0.019518062472343445 55
1642025551257 0.018691392615437508 56
1642025554469 0.01804826781153679 57
1642025557699 0.01871906779706478 58
1642025560934 0.01790468581020832 59
1642025564201 0.017997443675994873 60
1642025567408 0.017455924302339554 61
1642025570703 0.017413271591067314 62
1642025573933 0.017027588561177254 63
1642025577230 0.016974225640296936 64
1642025580497 0.01620565727353096 65
1642025583676 0.016486523672938347 66
1642025586875 0.01651974581182003 67
1642025590079 0.016137177124619484 68
1642025593324 0.01581546477973461 69
1642025596564 0.016108926385641098 70
1642025599778 0.015752999112010002 71
1642025603049 0.016619326546788216 72
1642025606413 0.014898279681801796 73
1642025609545 0.014680285006761551 74
1642025612695 0.015186618082225323 75
1642025615879 0.014860158786177635 76
1642025619054 0.015483150258660316 77
1642025622306 0.015184011310338974 78
1642025625505 0.014375528320670128 79
