1642035371179 0.23316042125225067 0
1642035373846 0.08821024745702744 1
1642035376789 0.07915406674146652 2
1642035379501 0.07679744064807892 3
1642035382243 0.07533508539199829 4
1642035384882 0.073729008436203 5
1642035387709 0.07233906537294388 6
1642035391289 0.0706532895565033 7
1642035394618 0.07110188901424408 8
1642035397409 0.07004636526107788 9
1642035400128 0.06851021945476532 10
1642035403020 0.06827806681394577 11
1642035405962 0.06787148118019104 12
1642035408896 0.06755569577217102 13
1642035411586 0.06711961328983307 14
1642035414345 0.06691039353609085 15
1642035417163 0.06731860339641571 16
1642035419811 0.06731200963258743 17
1642035422476 0.0665159523487091 18
1642035425336 0.06637495011091232 19
1642035428549 0.06586353480815887 20
1642035431367 0.06572291254997253 21
1642035434537 0.06520497798919678 22
1642035437607 0.06489477306604385 23
1642035440042 0.06423954665660858 24
1642035442547 0.06503287702798843 25
1642035445353 0.06466523557901382 26
1642035448260 0.06377441436052322 27
1642035451023 0.0643073096871376 28
1642035453691 0.06401056796312332 29
1642035456459 0.06348638236522675 30
1642035459366 0.06388043612241745 31
1642035462204 0.06308680027723312 32
1642035464983 0.06362741440534592 33
1642035467643 0.06297817826271057 34
1642035470158 0.0624283067882061 35
1642035472922 0.06321064382791519 36
1642035475747 0.06364365667104721 37
1642035478688 0.06275516003370285 38
1642035481244 0.0630674809217453 39
1642035483649 0.0632268413901329 40
1642035486459 0.06166953220963478 41
1642035489251 0.06357412040233612 42
1642035491921 0.06222926825284958 43
1642035494426 0.06205648556351662 44
1642035496882 0.06348524987697601 45
1642035499620 0.062098223716020584 46
1642035502272 0.0630430057644844 47
1642035505011 0.0633709579706192 48
1642035507501 0.06298146396875381 49
1642035509876 0.06272842735052109 50
1642035512612 0.06262337416410446 51
1642035515393 0.06286267936229706 52
1642035518131 0.06250818818807602 53
1642035520680 0.06243911013007164 54
1642035523120 0.061707500368356705 55
1642035525856 0.06331327557563782 56
1642035528609 0.06236085668206215 57
1642035531247 0.06278174370527267 58
1642035533917 0.0632350742816925 59
1642035536660 0.06349965929985046 60
1642035539210 0.06375103443861008 61
1642035541762 0.06232428178191185 62
1642035544522 0.06355525553226471 63
1642035547164 0.06346794217824936 64
1642035549872 0.06241372972726822 65
1642035552273 0.06221628934144974 66
1642035554737 0.06241418048739433 67
1642035557554 0.06143613159656525 68
1642035560316 0.06300598382949829 69
1642035562979 0.06280767172574997 70
1642035565604 0.0626610592007637 71
1642035567930 0.06395851075649261 72
1642035570783 0.06259769201278687 73
1642035573498 0.06372663378715515 74
1642035576162 0.06304455548524857 75
1642035578846 0.06359513849020004 76
1642035581146 0.0626407265663147 77
1642035583815 0.06279513984918594 78
1642035586528 0.06292925775051117 79
