1641941756302 0.10902898013591766 0
1641941757143 0.0712684839963913 1
1641941758037 0.06440247595310211 2
1641941758819 0.06055370345711708 3
1641941759660 0.05881452560424805 4
1641941760452 0.056977078318595886 5
1641941761293 0.05652785301208496 6
1641941762080 0.05504782870411873 7
1641941762856 0.05461844801902771 8
1641941763693 0.05402052029967308 9
1641941764566 0.05359555780887604 10
1641941765403 0.05307934805750847 11
1641941766229 0.052489038556814194 12
1641941767055 0.05227045714855194 13
1641941767894 0.051866207271814346 14
1641941768734 0.05066077411174774 15
1641941769568 0.050937384366989136 16
1641941770347 0.050228316336870193 17
1641941771194 0.05023309960961342 18
1641941772022 0.049573320895433426 19
1641941772794 0.04939471185207367 20
1641941773627 0.04867119714617729 21
1641941774448 0.04865039512515068 22
1641941775285 0.04784614220261574 23
1641941776126 0.047405075281858444 24
1641941776965 0.04695219174027443 25
1641941777743 0.0464836023747921 26
1641941778592 0.04627234861254692 27
1641941779429 0.0458904467523098 28
1641941780258 0.04476303234696388 29
1641941781096 0.04474028944969177 30
1641941781926 0.04452022165060043 31
1641941782745 0.04357617348432541 32
1641941783577 0.04318537935614586 33
1641941784381 0.042602818459272385 34
1641941785239 0.04252925515174866 35
1641941786034 0.04215887188911438 36
1641941786837 0.04163169115781784 37
1641941787634 0.04071112349629402 38
1641941788479 0.04038909822702408 39
1641941789248 0.040173232555389404 40
1641941790087 0.04031908139586449 41
1641941790922 0.039195068180561066 42
1641941791718 0.038970090448856354 43
1641941792547 0.038628898561000824 44
1641941793368 0.03823203966021538 45
1641941794202 0.037934739142656326 46
1641941794982 0.03780045732855797 47
1641941795860 0.03734707087278366 48
1641941796886 0.03668741136789322 49
1641941798024 0.036047663539648056 50
1641941798957 0.036201708018779755 51
1641941799967 0.03605571389198303 52
1641941800834 0.03581150621175766 53
1641941801776 0.035376161336898804 54
1641941802693 0.034921370446681976 55
1641941803508 0.0344524085521698 56
1641941804292 0.03483840078115463 57
1641941805139 0.03343276306986809 58
1641941805977 0.033392272889614105 59
1641941806795 0.033606916666030884 60
1641941807625 0.03238099440932274 61
1641941808453 0.03254447132349014 62
1641941809241 0.03239845111966133 63
1641941810024 0.031949207186698914 64
1641941810877 0.031661681830883026 65
1641941811675 0.0313815139234066 66
1641941812550 0.031046900898218155 67
1641941813343 0.030809681862592697 68
1641941814108 0.03045937791466713 69
1641941814944 0.030054837465286255 70
1641941815729 0.029763925820589066 71
1641941816566 0.03006392903625965 72
1641941817395 0.029886383563280106 73
1641941818218 0.030114246532320976 74
1641941819060 0.029480701312422752 75
1641941819897 0.029142532497644424 76
1641941820672 0.02905385009944439 77
1641941821500 0.029577448964118958 78
1641941822341 0.028751414269208908 79
1641941823177 0.0290061105042696 80
1641941823962 0.02758082188665867 81
1641941824789 0.0279178898781538 82
1641941825602 0.02740553393959999 83
1641941826454 0.02736024558544159 84
1641941827287 0.027947789058089256 85
1641941828079 0.02791121043264866 86
1641941828978 0.027112789452075958 87
1641941829843 0.0270636435598135 88
1641941830681 0.02736123651266098 89
1641941831491 0.02656836435198784 90
1641941832306 0.02640528418123722 91
1641941833144 0.02643747441470623 92
1641941833983 0.026040267199277878 93
1641941834867 0.025839712470769882 94
1641941835751 0.026193639263510704 95
1641941836604 0.02593125030398369 96
1641941837450 0.025788968428969383 97
1641941838288 0.025738144293427467 98
1641941839070 0.025954362004995346 99
1641941839908 0.02528560161590576 100
1641941840789 0.025257674977183342 101
1641941841623 0.024990107864141464 102
1641941842457 0.024884644895792007 103
1641941843270 0.025847282260656357 104
1641941844063 0.02440859004855156 105
1641941844893 0.02483527548611164 106
1641941845721 0.025054151192307472 107
1641941846555 0.0243646502494812 108
1641941847326 0.024691052734851837 109
1641941848162 0.024082157760858536 110
1641941848972 0.023673126474022865 111
1641941849750 0.024219758808612823 112
1641941850593 0.024266479536890984 113
1641941851382 0.024404192343354225 114
1641941852195 0.023330602794885635 115
1641941853027 0.024223240092396736 116
1641941853815 0.02304970473051071 117
1641941854665 0.023740269243717194 118
1641941855486 0.022901974618434906 119
