1642009394623 0.07423749566078186 0
1642009397344 0.05937796086072922 1
1642009399834 0.056726425886154175 2
1642009402283 0.05539363622665405 3
1642009404642 0.05399760603904724 4
1642009407001 0.053424205631017685 5
1642009409377 0.05242287367582321 6
1642009411751 0.051825739443302155 7
1642009414104 0.05082596465945244 8
1642009416434 0.05056414753198624 9
1642009418855 0.04929749667644501 10
1642009421179 0.04855863004922867 11
1642009423483 0.048040587455034256 12
1642009425856 0.04732659086585045 13
1642009428248 0.04602351784706116 14
1642009430729 0.04569900408387184 15
1642009433049 0.0447242334485054 16
1642009435354 0.04413890466094017 17
1642009437853 0.04386356845498085 18
1642009440235 0.04238349199295044 19
