1642023507751 0.13127292692661285 0
1642023511191 0.07883631438016891 1
1642023514261 0.0739913359284401 2
1642023517318 0.0697292611002922 3
1642023520390 0.06686999648809433 4
1642023523558 0.0648416057229042 5
1642023526528 0.062131717801094055 6
1642023529593 0.06146981567144394 7
1642023532651 0.059793759137392044 8
1642023535665 0.05977370962500572 9
1642023538662 0.05884448438882828 10
1642023541686 0.05873796343803406 11
1642023544808 0.05817573890089989 12
1642023547823 0.05691944435238838 13
1642023550860 0.05717089772224426 14
1642023553879 0.057388000190258026 15
1642023556895 0.05677451938390732 16
1642023560180 0.056044742465019226 17
1642023563178 0.05679723620414734 18
1642023566207 0.05637194216251373 19
1642023569222 0.0559358187019825 20
1642023572346 0.05564555153250694 21
1642023575333 0.05560801923274994 22
1642023578334 0.05516623333096504 23
1642023581410 0.05473800003528595 24
1642023584424 0.054435908794403076 25
1642023587510 0.053953491151332855 26
1642023590459 0.05414959788322449 27
1642023593519 0.05367327108979225 28
1642023596637 0.05363519489765167 29
1642023599663 0.05319380760192871 30
1642023602823 0.053613048046827316 31
1642023605854 0.05356979742646217 32
1642023608918 0.0524468757212162 33
1642023611910 0.05220644921064377 34
1642023614909 0.05200732499361038 35
1642023617998 0.05220349505543709 36
1642023621007 0.05173691734671593 37
1642023623987 0.05266261100769043 38
1642023627076 0.05339064821600914 39
