1642035605121 0.1199861466884613 0
1642035607996 0.07722394168376923 1
1642035611152 0.06984271854162216 2
1642035614551 0.06562528759241104 3
1642035617785 0.06369918584823608 4
1642035621018 0.06287094950675964 5
1642035623918 0.061516448855400085 6
1642035627262 0.06069726496934891 7
1642035630465 0.05992557853460312 8
1642035633672 0.05863053351640701 9
1642035636828 0.05787615478038788 10
1642035639894 0.05795146897435188 11
1642035643174 0.05772802233695984 12
1642035646520 0.05715075507760048 13
1642035658896 0.05636132135987282 14
1642035668203 0.05616755038499832 15
1642035695330 0.05635971948504448 16
1642035698574 0.05617985874414444 17
1642035701557 0.055704209953546524 18
1642035704452 0.0558304563164711 19
1642035707249 0.05519774556159973 20
1642035710263 0.054533060640096664 21
1642035712999 0.05455320328474045 22
1642035715753 0.05462798848748207 23
1642035718547 0.05404265597462654 24
1642035721298 0.05402277410030365 25
1642035724061 0.05313859507441521 26
1642035726840 0.053378116339445114 27
1642035729572 0.05376839265227318 28
1642035732308 0.052677351981401443 29
1642035735044 0.05353345349431038 30
1642035737802 0.052983298897743225 31
1642035740541 0.0528721883893013 32
1642035743280 0.052018191665410995 33
1642035746031 0.051992397755384445 34
1642035748766 0.05149475485086441 35
1642035751491 0.05173122510313988 36
1642035754233 0.05165359005331993 37
1642035756968 0.05089975520968437 38
1642035759710 0.05027169734239578 39
1642035762465 0.050654903054237366 40
1642035765205 0.050562456250190735 41
1642035767931 0.04999624192714691 42
1642035770678 0.050432730466127396 43
1642035773434 0.0502341128885746 44
1642035776192 0.0497635118663311 45
1642035778936 0.04964553192257881 46
1642035781684 0.0500863716006279 47
1642035784441 0.04978643357753754 48
1642035787183 0.05018387362360954 49
1642035789912 0.04919418692588806 50
1642035792658 0.04937295988202095 51
1642035795408 0.05017581582069397 52
1642035798148 0.04912956804037094 53
1642035800870 0.04941290244460106 54
1642035803599 0.04892408475279808 55
1642035806351 0.0485679917037487 56
1642035809082 0.04870588332414627 57
1642035811825 0.048258427530527115 58
1642035814572 0.04850676283240318 59
1642035817319 0.04805286228656769 60
1642035820058 0.04900201037526131 61
1642035822800 0.0481388196349144 62
1642035825543 0.04746890813112259 63
1642035828283 0.04777617007493973 64
1642035831039 0.04741410166025162 65
1642035834020 0.0480307973921299 66
1642035837528 0.04755784943699837 67
1642035841614 0.04690202325582504 68
1642035846108 0.04799571633338928 69
1642035850418 0.046728380024433136 70
1642035853237 0.047029487788677216 71
1642035855958 0.04669003561139107 72
1642035859052 0.046726688742637634 73
1642035862048 0.04721468314528465 74
1642035865834 0.04643049091100693 75
1642035868905 0.04583553969860077 76
1642035871982 0.04584479331970215 77
1642035874957 0.045447997748851776 78
1642035877777 0.04568151757121086 79
