1642026531981 0.1433032900094986 0
1642026533130 0.08301052451133728 1
1642026534292 0.07630113512277603 2
1642026535400 0.07108016312122345 3
1642026536521 0.06823022663593292 4
1642026537666 0.06576475501060486 5
1642026538821 0.06408079713582993 6
1642026539961 0.06221527233719826 7
1642026541082 0.061456918716430664 8
1642026542317 0.05960836261510849 9
1642026543675 0.05833868682384491 10
1642026545111 0.05816005915403366 11
1642026546463 0.05740615352988243 12
1642026547812 0.05659252032637596 13
1642026549078 0.05694001168012619 14
1642026550250 0.05669001117348671 15
1642026551374 0.0558965690433979 16
1642026552484 0.05549728870391846 17
1642026553646 0.056013017892837524 18
1642026554811 0.055111903697252274 19
1642026555983 0.05487275496125221 20
1642026557176 0.055405303835868835 21
1642026558318 0.054882749915122986 22
1642026559454 0.05475621670484543 23
1642026560663 0.05399751663208008 24
1642026561838 0.0537547692656517 25
1642026562914 0.05415293946862221 26
1642026564088 0.05353275313973427 27
1642026565237 0.05362970009446144 28
1642026566396 0.053044989705085754 29
1642026567498 0.05358615517616272 30
1642026568719 0.05290808528661728 31
1642026569885 0.051940370351076126 32
1642026570997 0.05208782106637955 33
1642026572124 0.0518459789454937 34
1642026573245 0.05135558545589447 35
1642026574367 0.05173901095986366 36
1642026575492 0.05153133347630501 37
1642026576654 0.05112161487340927 38
1642026577761 0.051055073738098145 39
