1642023063699 0.654641330242157 0
1642023064845 0.5708531737327576 1
1642023065970 0.5400502681732178 2
1642023067171 0.5244941711425781 3
1642023068088 0.5153934359550476 4
1642023069177 0.5031877756118774 5
1642023070044 0.4900742471218109 6
1642023070945 0.4848858714103699 7
1642023071795 0.47388073801994324 8
1642023072716 0.4673967659473419 9
1642023073586 0.45362594723701477 10
1642023074475 0.44883549213409424 11
1642023075325 0.43407028913497925 12
1642023076223 0.4180894196033478 13
1642023077127 0.41002270579338074 14
1642023078024 0.39479511976242065 15
1642023078887 0.38323336839675903 16
1642023079797 0.36853599548339844 17
1642023080695 0.35616663098335266 18
1642023081602 0.3414268493652344 19
1642023082513 0.3247021436691284 20
1642023083406 0.31278887391090393 21
1642023084277 0.29400205612182617 22
1642023085189 0.28442198038101196 23
1642023086094 0.2717731297016144 24
1642023087005 0.26285678148269653 25
1642023087900 0.2532530128955841 26
1642023088791 0.23726463317871094 27
1642023089664 0.2231340855360031 28
1642023090568 0.2144671082496643 29
1642023091483 0.20689424872398376 30
1642023092390 0.2014804631471634 31
1642023093293 0.19293637573719025 32
1642023094183 0.18884792923927307 33
1642023095051 0.1808655858039856 34
1642023095958 0.17578329145908356 35
1642023096866 0.16626933217048645 36
1642023097776 0.16822145879268646 37
1642023098695 0.15847916901111603 38
1642023099593 0.1542510688304901 39
1642023100490 0.14787159860134125 40
1642023101367 0.14880944788455963 41
1642023102277 0.1379471868276596 42
1642023103187 0.13710081577301025 43
1642023104095 0.1350707709789276 44
1642023105001 0.1321175992488861 45
1642023105895 0.13372695446014404 46
1642023106766 0.1297530233860016 47
1642023107686 0.12504814565181732 48
1642023108587 0.11810705065727234 49
1642023109488 0.11807949841022491 50
1642023110389 0.12380123883485794 51
1642023111285 0.11964468657970428 52
1642023112161 0.11556507647037506 53
1642023113070 0.12332460284233093 54
1642023113993 0.11431010067462921 55
1642023114902 0.11345000565052032 56
1642023115801 0.12321949005126953 57
1642023116664 0.11167620122432709 58
1642023117575 0.10549981892108917 59
1642023118484 0.10322874039411545 60
1642023119394 0.10246878117322922 61
1642023120301 0.09888789802789688 62
1642023121196 0.10741662234067917 63
1642023122066 0.10689909011125565 64
1642023122982 0.09422387182712555 65
1642023123893 0.09338235855102539 66
1642023124874 0.09145896136760712 67
1642023125844 0.09529389441013336 68
1642023126792 0.09393090754747391 69
1642023127667 0.09330452233552933 70
1642023128583 0.09674672037363052 71
1642023129502 0.0873274877667427 72
1642023130411 0.09336492419242859 73
1642023131328 0.0919131487607956 74
1642023132202 0.08748365193605423 75
1642023133117 0.08763528615236282 76
1642023134030 0.09164660423994064 77
1642023134942 0.08824632316827774 78
1642023135830 0.08468742668628693 79
