1642023380512 0.07196152955293655 0
1642023383797 0.05848405137658119 1
1642023386721 0.056214459240436554 2
1642023389649 0.0548575222492218 3
1642023392708 0.05406606197357178 4
1642023395661 0.05320179834961891 5
1642023398639 0.052422504872083664 6
1642023401640 0.05164189636707306 7
1642023404632 0.05121535807847977 8
1642023407574 0.04996537044644356 9
1642023410531 0.04924928396940231 10
1642023413529 0.04899994656443596 11
1642023416489 0.04785112664103508 12
1642023419539 0.04745282977819443 13
1642023422499 0.04630766436457634 14
1642023425637 0.045768897980451584 15
1642023428664 0.044282060116529465 16
1642023431563 0.04360875114798546 17
1642023434583 0.043033942580223083 18
1642023437548 0.04116231948137283 19
1642023440537 0.04149388149380684 20
1642023443609 0.03931498900055885 21
1642023446691 0.038377005606889725 22
1642023449686 0.03809836506843567 23
1642023452630 0.037078600376844406 24
1642023455710 0.03622203692793846 25
1642023458702 0.03503258526325226 26
1642023461740 0.034104183316230774 27
1642023464663 0.03330284729599953 28
1642023467690 0.03239980340003967 29
1642023470716 0.03155085816979408 30
1642023473610 0.030721060931682587 31
1642023476712 0.029638761654496193 32
1642023479677 0.029476899653673172 33
1642023482717 0.028251122683286667 34
1642023485778 0.027838552370667458 35
1642023488778 0.026997342705726624 36
1642023491785 0.026856672018766403 37
1642023494795 0.026416029781103134 38
1642023497887 0.0256462674587965 39
