1642021638027 0.6517512202262878 0
1642021640799 0.5747523307800293 1
1642021643467 0.5507780313491821 2
1642021646000 0.5406110286712646 3
1642021648493 0.5298236608505249 4
1642021651069 0.5189716815948486 5
1642021653620 0.5111814737319946 6
1642021656151 0.5011540055274963 7
1642021658699 0.4934006333351135 8
1642021661238 0.48431387543678284 9
1642021663739 0.4793223738670349 10
1642021666352 0.47263360023498535 11
1642021669073 0.46619653701782227 12
1642021671725 0.45451104640960693 13
1642021674381 0.4471551179885864 14
1642021676954 0.43655189871788025 15
1642021679442 0.42788761854171753 16
1642021682049 0.41733458638191223 17
1642021684603 0.40977704524993896 18
1642021687135 0.3960595428943634 19
