1641957393648 0.08204619586467743 0
1641957395175 0.07242922484874725 1
1641957396659 0.07102382183074951 2
1641957398071 0.07102150470018387 3
1641957399531 0.0705602765083313 4
1641957400976 0.06986665725708008 5
1641957402444 0.06992778182029724 6
1641957403953 0.06966773420572281 7
1641957405378 0.0691358670592308 8
1641957406844 0.06946460902690887 9
1641957408305 0.06978871673345566 10
1641957409721 0.06909238547086716 11
1641957411196 0.06934268027544022 12
1641957412609 0.06908212602138519 13
1641957414084 0.0692717432975769 14
1641957415504 0.06907317042350769 15
1641957416974 0.06889582425355911 16
1641957418435 0.06968183815479279 17
1641957419864 0.06910161674022675 18
1641957421321 0.06918280571699142 19
