1642010789362 0.08716855943202972 0
1642010790475 0.06558230519294739 1
1642010791507 0.06095633655786514 2
1642010792513 0.05832314118742943 3
1642010793420 0.05713479965925217 4
1642010794322 0.05608164891600609 5
1642010795241 0.05486369505524635 6
1642010796131 0.05538054555654526 7
1642010797016 0.054375484585762024 8
1642010797914 0.05327523872256279 9
1642010798830 0.05322403833270073 10
1642010799762 0.052607461810112 11
1642010800679 0.05219142511487007 12
1642010801592 0.05100512132048607 13
1642010802466 0.05157727748155594 14
1642010803368 0.05088512599468231 15
1642010804263 0.050550900399684906 16
1642010805167 0.0504000261425972 17
1642010806080 0.049803297966718674 18
1642010806983 0.04951032996177673 19
1642010807871 0.04878002405166626 20
1642010808763 0.048807963728904724 21
1642010809678 0.047681115567684174 22
1642010810582 0.047676555812358856 23
1642010811482 0.04793119058012962 24
1642010812376 0.04750457778573036 25
1642010813279 0.0467349998652935 26
1642010814163 0.04663439095020294 27
1642010815062 0.046486128121614456 28
1642010815966 0.0459524542093277 29
1642010816867 0.04542522132396698 30
1642010817775 0.044887132942676544 31
1642010818673 0.044984739273786545 32
1642010819585 0.04429525136947632 33
1642010820470 0.04420575872063637 34
1642010821377 0.04392882063984871 35
1642010822314 0.04371441528201103 36
1642010823210 0.04254642128944397 37
1642010824113 0.04195042699575424 38
1642010825092 0.04214494302868843 39
1642010826058 0.041445501148700714 40
1642010826984 0.04081578925251961 41
1642010827894 0.04136709123849869 42
1642010828806 0.04013549163937569 43
1642010829705 0.03973950445652008 44
1642010830608 0.03980594128370285 45
1642010831493 0.03858942538499832 46
1642010832393 0.03929698094725609 47
1642010833304 0.03927188366651535 48
1642010834207 0.03856350854039192 49
1642010835113 0.03769326210021973 50
1642010836026 0.03788910433650017 51
1642010836952 0.03735004737973213 52
1642010837864 0.03748943284153938 53
1642010838779 0.036909494549036026 54
1642010839686 0.03615150600671768 55
1642010840604 0.03656772896647453 56
1642010841494 0.03552118316292763 57
1642010842403 0.03616204112768173 58
1642010843327 0.03573254123330116 59
1642010844208 0.034203995019197464 60
1642010845150 0.0350860171020031 61
1642010846062 0.03545770049095154 62
1642010846958 0.0343637578189373 63
1642010847840 0.03398875519633293 64
1642010848737 0.03372567892074585 65
1642010849659 0.03376336023211479 66
1642010850545 0.033243656158447266 67
1642010851449 0.03362787514925003 68
1642010852362 0.032332368195056915 69
1642010853268 0.0327562540769577 70
1642010854174 0.03258008509874344 71
1642010855045 0.032608773559331894 72
1642010855958 0.03252427652478218 73
1642010856868 0.03153935447335243 74
1642010857785 0.031513892114162445 75
1642010858695 0.03209109231829643 76
1642010859608 0.03127182275056839 77
1642010860518 0.03078879602253437 78
1642010861435 0.030630236491560936 79
