1642026066202 0.1358674019575119 0
1642026068440 0.08048291504383087 1
1642026070469 0.07358072698116302 2
1642026072349 0.06880326569080353 3
1642026074104 0.0652914047241211 4
1642026075809 0.061993058770895004 5
1642026077501 0.06202349811792374 6
1642026079283 0.06093663349747658 7
1642026081029 0.059436243027448654 8
1642026082792 0.05846201628446579 9
1642026084543 0.058581363409757614 10
1642026086257 0.058241382241249084 11
1642026088057 0.05801215395331383 12
1642026089772 0.05718117207288742 13
1642026091511 0.0567651093006134 14
1642026093257 0.05651460960507393 15
1642026095049 0.0562012679874897 16
1642026096845 0.05584850534796715 17
1642026098603 0.05572096258401871 18
1642026100389 0.055232223123311996 19
1642026102095 0.05568844825029373 20
1642026103837 0.0547749362885952 21
1642026105554 0.05478893220424652 22
1642026107277 0.05463334545493126 23
1642026108980 0.054275188595056534 24
1642026110756 0.05391280725598335 25
1642026112502 0.05405861511826515 26
1642026114254 0.05327590927481651 27
1642026116004 0.053027912974357605 28
1642026117742 0.05281035229563713 29
1642026119677 0.05306124687194824 30
1642026121479 0.052751846611499786 31
1642026123222 0.05247418209910393 32
1642026124986 0.05171993374824524 33
1642026126734 0.05101655796170235 34
1642026128520 0.0510491319000721 35
1642026130230 0.050948366522789 36
1642026131984 0.04996290057897568 37
1642026133740 0.05000648647546768 38
1642026135545 0.04989584907889366 39
