1642025221146 0.12494926899671555 0
1642025224904 0.07810407131910324 1
1642025228452 0.0722302719950676 2
1642025231995 0.06757756322622299 3
1642025235501 0.06552038341760635 4
1642025239003 0.0632966160774231 5
1642025242473 0.06166059523820877 6
1642025245986 0.06149149313569069 7
1642025249511 0.060184888541698456 8
1642025253019 0.05946142598986626 9
1642025256519 0.05957336351275444 10
1642025260060 0.05883733928203583 11
1642025263677 0.05906952545046806 12
1642025267311 0.05887214094400406 13
1642025270849 0.05757931247353554 14
1642025274342 0.05867199972271919 15
1642025277885 0.05718518793582916 16
1642025281385 0.0571291483938694 17
1642025284808 0.056275513023138046 18
1642025288342 0.056438446044921875 19
1642025291789 0.05585847422480583 20
1642025295298 0.05506068468093872 21
1642025298913 0.054973892867565155 22
1642025302357 0.055078715085983276 23
1642025305975 0.05535225570201874 24
1642025309542 0.05467775836586952 25
1642025313123 0.05395018309354782 26
1642025316652 0.054049450904130936 27
1642025320224 0.05387134850025177 28
1642025323762 0.05397602170705795 29
1642025327370 0.05471871420741081 30
1642025331028 0.05397218465805054 31
1642025334543 0.05318552628159523 32
1642025338112 0.05345982313156128 33
1642025341649 0.05293077230453491 34
1642025345127 0.052729953080415726 35
1642025348692 0.05232478678226471 36
1642025352253 0.05230262503027916 37
1642025355786 0.053825732320547104 38
1642025359268 0.05214555561542511 39
