1641937538851 0.09841162711381912 0
1641937541127 0.06736663728952408 1
1641937543360 0.06226368620991707 2
1641937545577 0.060437366366386414 3
1641937547724 0.05940671265125275 4
1641937549944 0.058338623493909836 5
1641937552143 0.057805296033620834 6
1641937554325 0.058350373059511185 7
1641937556662 0.05725565180182457 8
1641937559107 0.056567929685115814 9
1641937561518 0.05610306188464165 10
1641937563829 0.055645816028118134 11
1641937566104 0.05507386475801468 12
1641937568403 0.055134259164333344 13
1641937570913 0.05435093119740486 14
1641937573375 0.05329234525561333 15
1641937575693 0.05325017124414444 16
1641937578069 0.05293610319495201 17
1641937580287 0.051719292998313904 18
1641937582561 0.052110325545072556 19
1641937584800 0.051621001213788986 20
1641937587349 0.05129938945174217 21
1641937589805 0.05043182894587517 22
1641937592472 0.05003092437982559 23
1641937595041 0.04912525415420532 24
1641937597351 0.04878264293074608 25
1641937599620 0.048083800822496414 26
1641937601911 0.04797989875078201 27
1641937604246 0.04736299067735672 28
1641937606508 0.0473225899040699 29
1641937608796 0.04650440812110901 30
1641937611146 0.0467832013964653 31
1641937613364 0.04599112644791603 32
1641937615657 0.0446283295750618 33
1641937617973 0.04434733837842941 34
1641937620247 0.044049106538295746 35
1641937622556 0.043937258422374725 36
1641937624838 0.043344270437955856 37
1641937627122 0.042571160942316055 38
1641937629269 0.04266224429011345 39
1641937631468 0.0420122928917408 40
1641937633605 0.04109327122569084 41
1641937635828 0.04100340977311134 42
1641937638007 0.04091693088412285 43
1641937640224 0.04050586000084877 44
1641937642396 0.039656370878219604 45
1641937644538 0.040013547986745834 46
1641937646740 0.039338622242212296 47
1641937648895 0.03900438919663429 48
1641937651221 0.038403041660785675 49
1641937653474 0.03895508125424385 50
1641937655838 0.03778015822172165 51
1641937658154 0.037471748888492584 52
1641937660556 0.037036456167697906 53
1641937662841 0.03716609999537468 54
1641937665334 0.03746490925550461 55
1641937667631 0.03656650334596634 56
1641937670082 0.0366063192486763 57
1641937672471 0.03586621582508087 58
1641937674922 0.03628775104880333 59
1641937677412 0.035267721861600876 60
1641937679995 0.03558216243982315 61
1641937682376 0.03499879315495491 62
1641937684753 0.0347352959215641 63
1641937687096 0.03511286899447441 64
1641937689565 0.03446780517697334 65
1641937691883 0.03417477756738663 66
1641937694444 0.03321326524019241 67
1641937696838 0.03397507593035698 68
1641937699216 0.03378414362668991 69
1641937701479 0.03333394601941109 70
1641937703675 0.0335494726896286 71
1641937705936 0.03315947204828262 72
1641937708178 0.03314494341611862 73
1641937710365 0.03296494111418724 74
1641937712603 0.03229829668998718 75
1641937714819 0.03210867568850517 76
1641937717007 0.03236888721585274 77
1641937719240 0.0320514477789402 78
1641937721435 0.032588619738817215 79
