1641939517753 0.11110056191682816 0
1641939520488 0.06207162141799927 1
1641939522857 0.05762040987610817 2
1641939525243 0.05612897127866745 3
1641939527616 0.0549284890294075 4
1641939530017 0.054364968091249466 5
1641939532407 0.053937386721372604 6
1641939534769 0.053570423275232315 7
1641939537150 0.053087420761585236 8
1641939539464 0.05287085101008415 9
1641939541892 0.05245424434542656 10
1641939544258 0.05153436213731766 11
1641939546630 0.051086731255054474 12
1641939548996 0.0504472516477108 13
1641939551344 0.049564484506845474 14
1641939553724 0.04930363595485687 15
1641939556103 0.04864475876092911 16
1641939558435 0.04832359775900841 17
1641939561073 0.04833057150244713 18
1641939563524 0.046523794531822205 19
1641939565892 0.045650217682123184 20
1641939568215 0.04497615993022919 21
1641939570639 0.04383924603462219 22
1641939572990 0.04335898160934448 23
1641939575337 0.042196378111839294 24
1641939577689 0.041870441287755966 25
1641939580033 0.04138780012726784 26
1641939582387 0.04036923125386238 27
1641939584706 0.039362769573926926 28
1641939587070 0.038731977343559265 29
1641939589449 0.03842853382229805 30
1641939591799 0.037693142890930176 31
1641939594089 0.03662163391709328 32
1641939596483 0.036024853587150574 33
1641939598821 0.03521325811743736 34
1641939601136 0.03468181937932968 35
1641939603490 0.034508973360061646 36
1641939605851 0.033785611391067505 37
1641939608187 0.03288029879331589 38
1641939610560 0.03260818496346474 39
1641939612886 0.03168928623199463 40
1641939615256 0.03144564852118492 41
1641939617665 0.031156012788414955 42
1641939620006 0.030242491513490677 43
1641939622390 0.029871415346860886 44
1641939624825 0.029789946973323822 45
1641939627143 0.02877785824239254 46
1641939629501 0.028752241283655167 47
1641939631892 0.028221869841217995 48
1641939634250 0.027807077392935753 49
1641939636625 0.027421357110142708 50
1641939639010 0.027307333424687386 51
1641939641413 0.02661943808197975 52
1641939643722 0.026673970744013786 53
1641939646101 0.02661481499671936 54
1641939648472 0.025891583412885666 55
1641939650909 0.025205006822943687 56
1641939653248 0.025337738916277885 57
1641939655656 0.02492014691233635 58
1641939658039 0.024842839688062668 59
1641939660404 0.024453409016132355 60
1641939662783 0.024294251576066017 61
1641939665154 0.02421589381992817 62
1641939667520 0.023587115108966827 63
1641939669898 0.0234796442091465 64
1641939672270 0.022965148091316223 65
1641939674651 0.023026147857308388 66
1641939676976 0.02245936170220375 67
1641939679345 0.022612888365983963 68
1641939681721 0.022555191069841385 69
1641939684030 0.022278642281889915 70
1641939686407 0.02257685363292694 71
1641939688797 0.021750567480921745 72
1641939691187 0.021748442202806473 73
1641939693569 0.02150510624051094 74
1641939695921 0.021200481802225113 75
1641939698354 0.0210960041731596 76
1641939700670 0.020848354324698448 77
1641939703083 0.020426660776138306 78
1641939705418 0.02128908969461918 79
