1641936042856 0.11041723936796188 0
1641936045014 0.0649070292711258 1
1641936046902 0.05953121930360794 2
1641936048789 0.060611650347709656 3
1641936050685 0.05584532767534256 4
1641936052645 0.05529331788420677 5
1641936054540 0.055177733302116394 6
1641936056477 0.05409260466694832 7
1641936058348 0.05322941765189171 8
1641936060255 0.05307641997933388 9
1641936062154 0.05253329500555992 10
1641936064086 0.05116530507802963 11
1641936066056 0.05081578716635704 12
1641936067956 0.04970476031303406 13
1641936069854 0.04939312860369682 14
1641936071814 0.04854073002934456 15
1641936073721 0.047472890466451645 16
1641936075691 0.04686708375811577 17
1641936077715 0.04563836380839348 18
1641936079689 0.04485996067523956 19
1641936081642 0.04431271553039551 20
1641936083543 0.04330611228942871 21
1641936085448 0.04223896935582161 22
1641936087408 0.04143984988331795 23
1641936089280 0.0408560112118721 24
1641936091165 0.039573006331920624 25
1641936093124 0.03890979290008545 26
1641936095052 0.038032591342926025 27
1641936097017 0.03702444210648537 28
1641936098912 0.0365380235016346 29
1641936100844 0.03566479682922363 30
1641936102817 0.03496728464961052 31
1641936104729 0.034390103071928024 32
1641936106716 0.03386896848678589 33
1641936108609 0.032866641879081726 34
1641936110520 0.032490700483322144 35
1641936112462 0.03190360218286514 36
1641936114364 0.03107444755733013 37
1641936116344 0.030554667115211487 38
1641936118229 0.030672501772642136 39
1641936120144 0.029908129945397377 40
1641936122118 0.02967487834393978 41
1641936124027 0.028660105541348457 42
1641936125958 0.02895127236843109 43
1641936127933 0.028708122670650482 44
1641936129845 0.02791406959295273 45
1641936131766 0.028084997087717056 46
1641936133732 0.027378931641578674 47
1641936135692 0.02689518593251705 48
1641936137719 0.026588134467601776 49
1641936139700 0.026568613946437836 50
1641936141628 0.025940382853150368 51
1641936143646 0.02571602538228035 52
1641936145553 0.025145821273326874 53
1641936147533 0.02500464767217636 54
1641936149552 0.0241787601262331 55
1641936151581 0.02452085167169571 56
1641936153845 0.02426156960427761 57
1641936155879 0.023853985592722893 58
1641936158099 0.023409834131598473 59
1641936160021 0.02315545827150345 60
1641936162001 0.02272954210639 61
1641936163985 0.022985773161053658 62
1641936166151 0.022646525874733925 63
1641936168206 0.02253970317542553 64
1641936170125 0.022514410316944122 65
1641936172069 0.02176797017455101 66
1641936174061 0.021697569638490677 67
1641936176171 0.021435538306832314 68
1641936178106 0.02104054018855095 69
1641936179960 0.021006887778639793 70
1641936181851 0.02064027264714241 71
1641936183714 0.02060009352862835 72
1641936185848 0.020305128768086433 73
1641936187994 0.02028355374932289 74
1641936189915 0.020055990666151047 75
1641936191717 0.01978292502462864 76
1641936193574 0.020397808402776718 77
1641936195542 0.019451186060905457 78
1641936197533 0.01919928565621376 79
