1642009012024 0.7273591160774231 0
1642009013815 0.6262173652648926 1
1642009015197 0.5888360738754272 2
1642009016622 0.566143274307251 3
1642009018058 0.555664598941803 4
1642009019465 0.5478679537773132 5
1642009020873 0.5357176065444946 6
1642009022256 0.5376734137535095 7
1642009023644 0.5322242975234985 8
1642009025064 0.5275606513023376 9
1642009026468 0.5211289525032043 10
1642009027847 0.5181344151496887 11
1642009029256 0.5128257274627686 12
1642009030648 0.5075268149375916 13
1642009032041 0.5041847229003906 14
1642009033423 0.5034399032592773 15
1642009034829 0.49782997369766235 16
1642009036216 0.4910876750946045 17
1642009037627 0.485183984041214 18
1642009039026 0.4846586585044861 19
1642009040410 0.4796516001224518 20
1642009041839 0.4779280126094818 21
1642009043225 0.47054338455200195 22
1642009044611 0.46537601947784424 23
1642009046020 0.4632418751716614 24
1642009047419 0.45775240659713745 25
1642009048799 0.45266690850257874 26
1642009050205 0.4528163969516754 27
1642009051616 0.4468286335468292 28
1642009053002 0.4440787136554718 29
1642009054480 0.4365702271461487 30
1642009055999 0.4346899688243866 31
1642009057506 0.42981892824172974 32
1642009058898 0.4267561435699463 33
1642009060291 0.42595982551574707 34
1642009061692 0.4173137843608856 35
1642009063117 0.4156360924243927 36
1642009064496 0.4130397140979767 37
1642009066010 0.40183568000793457 38
1642009067411 0.4022238254547119 39
1642009068799 0.40072330832481384 40
1642009070232 0.4044220447540283 41
1642009071599 0.389180451631546 42
1642009073023 0.3865322470664978 43
1642009074434 0.38382428884506226 44
1642009075822 0.3800278604030609 45
1642009077280 0.37614449858665466 46
1642009078678 0.37574613094329834 47
1642009080089 0.3717685341835022 48
1642009081490 0.3669736981391907 49
1642009082902 0.36576899886131287 50
1642009084326 0.3633780777454376 51
1642009085725 0.35778817534446716 52
1642009087116 0.3587189316749573 53
1642009088550 0.35326501727104187 54
1642009089942 0.35262253880500793 55
1642009091324 0.3483138382434845 56
1642009092763 0.342120498418808 57
1642009094162 0.3446774482727051 58
1642009095568 0.33709728717803955 59
1642009096970 0.3371206521987915 60
1642009098373 0.33672645688056946 61
1642009099794 0.33601081371307373 62
1642009101190 0.3254813849925995 63
1642009102579 0.3291911482810974 64
1642009104016 0.33335864543914795 65
1642009105402 0.3248189091682434 66
1642009106814 0.3195045590400696 67
1642009108231 0.3256392478942871 68
1642009109631 0.3231968283653259 69
1642009111060 0.31791508197784424 70
1642009112444 0.314230352640152 71
1642009113873 0.31421440839767456 72
1642009115266 0.31707707047462463 73
1642009116660 0.3076276481151581 74
1642009118084 0.30875086784362793 75
1642009119493 0.3113168776035309 76
1642009120927 0.30405735969543457 77
1642009122326 0.30377647280693054 78
1642009123731 0.3002726435661316 79
