1641394161936 1842.3250732421875 0
1641394162701 552.3566284179688 1
1641394163430 680.8956909179688 2
1641394164165 465.38470458984375 3
1641394164887 267.64019775390625 4
1641394165616 203.1188201904297 5
1641394166345 148.32286071777344 6
1641394167103 120.31895446777344 7
1641394167865 105.36803436279297 8
1641394168651 43.68379592895508 9
1641394169525 26.1524600982666 10
1641394170270 18.963336944580078 11
1641394171008 20.13264274597168 12
1641394171763 19.757396697998047 13
1641394172509 16.847030639648438 14
1641394173238 22.810712814331055 15
1641394173988 15.710625648498535 16
1641394174726 16.589353561401367 17
1641394175453 12.815874099731445 18
1641394176184 9.141175270080566 19
