1641939174548 0.0852460265159607 0
1641939175312 0.06192436441779137 1
1641939176076 0.05769689753651619 2
1641939176894 0.05489335581660271 3
1641939177653 0.053253114223480225 4
1641939178408 0.051820047199726105 5
1641939179119 0.05076558515429497 6
1641939179805 0.050257615745067596 7
1641939180491 0.04880508407950401 8
1641939181181 0.04778693988919258 9
1641939181861 0.047289274632930756 10
1641939182560 0.04538760334253311 11
1641939183245 0.04527214169502258 12
1641939183918 0.04371016472578049 13
1641939184604 0.04276250675320625 14
1641939185289 0.04151604697108269 15
1641939185990 0.0401800237596035 16
1641939186682 0.03924960270524025 17
1641939187366 0.039103589951992035 18
1641939188053 0.03751222789287567 19
1641939188724 0.036434147506952286 20
1641939189411 0.0358734205365181 21
1641939190101 0.034438587725162506 22
1641939190777 0.033819399774074554 23
1641939191430 0.033160749822854996 24
1641939192125 0.03224913030862808 25
1641939192813 0.030989808961749077 26
1641939193507 0.029901839792728424 27
1641939194188 0.029693348333239555 28
1641939194881 0.028890609741210938 29
1641939195572 0.027745267376303673 30
1641939196263 0.026807989925146103 31
1641939196947 0.026355082169175148 32
1641939197637 0.025247756391763687 33
1641939198325 0.02562922053039074 34
1641939199025 0.024912817403674126 35
1641939199700 0.02389254793524742 36
1641939200397 0.02329932525753975 37
1641939201090 0.02309800311923027 38
1641939201772 0.023071102797985077 39
1641939202434 0.022116411477327347 40
1641939203127 0.021643033251166344 41
1641939203810 0.021783512085676193 42
1641939204535 0.02119242399930954 43
1641939205195 0.02003726176917553 44
1641939205919 0.019468089565634727 45
1641939206582 0.018952811136841774 46
1641939207274 0.0191479679197073 47
1641939207963 0.018257388845086098 48
1641939208648 0.019196387380361557 49
1641939209344 0.017873117700219154 50
1641939210041 0.018055284395813942 51
1641939210687 0.017524223774671555 52
1641939211406 0.017190026119351387 53
1641939212101 0.01713160239160061 54
1641939212801 0.0164897833019495 55
1641939213478 0.01601313427090645 56
1641939214139 0.016392024233937263 57
1641939214820 0.015844611451029778 58
1641939215512 0.01584637723863125 59
1641939216227 0.015793712809681892 60
1641939216894 0.015383266843855381 61
1641939217577 0.01508004404604435 62
1641939218272 0.014800786040723324 63
1641939219034 0.014336173422634602 64
1641939219759 0.01483250129967928 65
1641939220501 0.014529848471283913 66
1641939221199 0.014501146972179413 67
1641939221920 0.01361517421901226 68
1641939222610 0.013399623334407806 69
1641939223269 0.01327146589756012 70
1641939223951 0.013445558957755566 71
1641939224645 0.0135653680190444 72
1641939225328 0.013560408726334572 73
1641939226021 0.012763402424752712 74
1641939226703 0.013370568864047527 75
1641939227393 0.013107781298458576 76
1641939228072 0.012919973582029343 77
1641939228758 0.012234222143888474 78
1641939229437 0.01218835823237896 79
1641939230131 0.012444705702364445 80
1641939230814 0.01259815227240324 81
1641939231502 0.01181037351489067 82
1641939232186 0.012293697334825993 83
1641939232885 0.012221449054777622 84
1641939233558 0.012112746015191078 85
1641939234255 0.011837242171168327 86
1641939234948 0.011447979137301445 87
1641939235641 0.011693217791616917 88
1641939236314 0.011270202696323395 89
1641939236997 0.011278987862169743 90
1641939237676 0.011414754204452038 91
1641939238361 0.011696393601596355 92
1641939239047 0.010965242981910706 93
1641939239749 0.010485097765922546 94
1641939240435 0.010969707742333412 95
1641939241137 0.010659312829375267 96
1641939241832 0.010390620678663254 97
1641939242526 0.010733822360634804 98
1641939243198 0.010359293781220913 99
1641939243896 0.010804027318954468 100
1641939244580 0.010086143389344215 101
1641939245272 0.010037371888756752 102
1641939245972 0.010196655057370663 103
1641939246652 0.010137498378753662 104
1641939247337 0.00967850349843502 105
1641939248011 0.010409397073090076 106
1641939248705 0.009972304105758667 107
1641939249385 0.009862840175628662 108
1641939250044 0.009287373162806034 109
1641939250723 0.009273573756217957 110
1641939251415 0.009702436625957489 111
1641939252115 0.009857811965048313 112
1641939252800 0.009891807101666927 113
1641939253481 0.009378770366311073 114
1641939254183 0.009411485865712166 115
1641939254900 0.009643331170082092 116
1641939255555 0.009165757335722446 117
1641939256250 0.009101196192204952 118
1641939256937 0.009318062104284763 119
