1642034636275 0.13818831741809845 0
1642034637384 0.07933835685253143 1
1642034638527 0.07446902245283127 2
1642034639695 0.07019016146659851 3
1642034640856 0.06740505248308182 4
1642034642024 0.06327706575393677 5
1642034643102 0.06095990166068077 6
1642034644300 0.059262145310640335 7
1642034645402 0.058254800736904144 8
1642034646531 0.0582086443901062 9
1642034647648 0.05695952847599983 10
1642034648765 0.055958230048418045 11
1642034649878 0.05630579963326454 12
1642034650926 0.055724043399095535 13
1642034652051 0.05572230741381645 14
1642034653326 0.05538615956902504 15
1642034654850 0.05492378771305084 16
1642034656155 0.05428983271121979 17
1642034657462 0.054205551743507385 18
1642034658870 0.05385909974575043 19
1642034660092 0.053442612290382385 20
1642034661254 0.05318247899413109 21
1642034662364 0.052532777190208435 22
1642034663521 0.053054071962833405 23
1642034664637 0.052393849939107895 24
1642034665802 0.05283098667860031 25
1642034666962 0.05212518200278282 26
1642034668086 0.051823895424604416 27
1642034669206 0.05154509097337723 28
1642034670377 0.05113574489951134 29
1642034671492 0.05129646137356758 30
1642034672683 0.051528450101614 31
1642034673806 0.05092690885066986 32
1642034674910 0.0506381094455719 33
1642034676027 0.049796052277088165 34
1642034677152 0.049888551235198975 35
1642034678378 0.05006861314177513 36
1642034679533 0.05007970705628395 37
1642034680669 0.049404967576265335 38
1642034681789 0.049297355115413666 39
