1641428749553 1.9882149696350098 0
1641428756280 0.11847496777772903 2
1641428760662 0.09751547873020172 4
1641428764816 0.0884954109787941 6
1641428769025 0.08967462182044983 8
1641428772995 0.09097392857074738 10
1641428776763 0.09250422567129135 12
1641428780540 0.09169359505176544 14
1641428784305 0.0898352712392807 16
1641428788130 0.08826962113380432 18
1641428791867 0.08646208047866821 20
1641428795672 0.09453347325325012 22
1641428799452 0.08853825181722641 24
1641428803317 0.08722684532403946 26
1641428807133 0.08809149265289307 28
