1642031087775 1.0813409090042114 0
1642031089352 0.8016794919967651 1
1642031090892 0.7605180740356445 2
1642031092304 0.7478368282318115 3
1642031093561 0.734129011631012 4
1642031094814 0.7109993100166321 5
1642031096062 0.6933984756469727 6
1642031097336 0.6757052540779114 7
1642031098608 0.676481306552887 8
1642031099861 0.6630797386169434 9
1642031101114 0.6475158333778381 10
1642031102383 0.6469687819480896 11
1642031103648 0.6362780928611755 12
1642031104906 0.6332322955131531 13
1642031106166 0.6300948858261108 14
1642031107417 0.6282975077629089 15
1642031108664 0.6202081441879272 16
1642031109943 0.6259898543357849 17
1642031111209 0.6194134950637817 18
1642031112482 0.6109561920166016 19
1642031113745 0.6105303168296814 20
1642031115001 0.6046698689460754 21
1642031116262 0.6069999933242798 22
1642031117529 0.5962105393409729 23
1642031118752 0.597740650177002 24
1642031120010 0.6025853753089905 25
1642031121282 0.5940515398979187 26
1642031122558 0.59328693151474 27
1642031123829 0.5859482884407043 28
1642031125085 0.5875927209854126 29
1642031126341 0.5913608074188232 30
1642031127624 0.5861226320266724 31
1642031128892 0.5784464478492737 32
1642031130149 0.5817831158638 33
1642031131447 0.5807873606681824 34
1642031132796 0.576799750328064 35
1642031134097 0.5784527063369751 36
1642031135359 0.5817707777023315 37
1642031136623 0.5775094628334045 38
1642031137890 0.5794453024864197 39
