1642024127860 0.07074957340955734 0
1642024129796 0.05788256227970123 1
1642024131508 0.055239055305719376 2
1642024132874 0.05330594256520271 3
1642024134413 0.052586380392313004 4
1642024135903 0.05183378607034683 5
1642024137372 0.0511900819838047 6
1642024138826 0.049922242760658264 7
1642024140341 0.049371663480997086 8
1642024141826 0.04903288558125496 9
1642024143202 0.047440074384212494 10
1642024144670 0.04709058627486229 11
1642024146261 0.04587787762284279 12
1642024147708 0.045121368020772934 13
1642024149131 0.04394969344139099 14
1642024150675 0.043227605521678925 15
1642024152116 0.042342692613601685 16
1642024153558 0.04117494076490402 17
1642024155052 0.03966077044606209 18
1642024156568 0.038365356624126434 19
