1642021873776 0.8430509567260742 0
1642021876831 0.7486921548843384 1
1642021879539 0.7230889797210693 2
1642021882329 0.6831125617027283 3
1642021885036 0.6460980772972107 4
1642021887813 0.6292155385017395 5
1642021890504 0.6075850129127502 6
1642021893304 0.5956746935844421 7
1642021895989 0.5902519822120667 8
1642021898764 0.5815402269363403 9
1642021901466 0.5782173871994019 10
1642021904241 0.5725655555725098 11
1642021906970 0.5708867907524109 12
1642021909745 0.5623622536659241 13
1642021912484 0.5587978363037109 14
1642021915291 0.5563974976539612 15
1642021918188 0.5491558313369751 16
1642021920894 0.5506133437156677 17
1642021923706 0.5428096055984497 18
1642021926401 0.5436511635780334 19
1642021929186 0.5389453768730164 20
1642021931874 0.5377818942070007 21
1642021934650 0.5281596183776855 22
1642021937374 0.5280982255935669 23
1642021940150 0.5274914503097534 24
1642021942864 0.5172927975654602 25
1642021945639 0.5214318037033081 26
1642021948380 0.516059935092926 27
1642021951146 0.5157763957977295 28
1642021953937 0.5088613629341125 29
1642021956625 0.5046584010124207 30
1642021959410 0.5000920295715332 31
1642021962118 0.5008742809295654 32
1642021964933 0.49651411175727844 33
1642021967696 0.49408358335494995 34
1642021970491 0.4901926815509796 35
1642021973206 0.4895731508731842 36
1642021976002 0.4909566044807434 37
1642021978795 0.4823775291442871 38
1642021981587 0.4814639985561371 39
