1642022456616 0.6501568555831909 0
1642022458485 0.566463053226471 1
1642022460160 0.5457842350006104 2
1642022461742 0.5309378504753113 3
1642022463225 0.5223826766014099 4
1642022464662 0.5129507780075073 5
1642022466157 0.5038493871688843 6
1642022467676 0.49222493171691895 7
1642022469146 0.48923787474632263 8
1642022470610 0.47956255078315735 9
1642022472077 0.468340128660202 10
1642022473598 0.46189698576927185 11
1642022475107 0.44816917181015015 12
1642022476564 0.4383329153060913 13
1642022478047 0.4251982867717743 14
1642022479555 0.41822463274002075 15
1642022481076 0.40666499733924866 16
1642022482526 0.3982955515384674 17
1642022484040 0.38237103819847107 18
1642022485553 0.3688180446624756 19
