1642030722817 0.8342755436897278 0
1642030726092 0.7326765656471252 1
1642030729066 0.6786297559738159 2
1642030731994 0.6285529732704163 3
1642030734949 0.6086710095405579 4
1642030737915 0.5972926020622253 5
1642030740934 0.5896731019020081 6
1642030743889 0.5799103379249573 7
1642030746835 0.5676398873329163 8
1642030749775 0.572578489780426 9
1642030752817 0.5602606534957886 10
1642030755754 0.5587339997291565 11
1642030758703 0.5484773516654968 12
1642030761691 0.5424880981445312 13
1642030764719 0.544994592666626 14
1642030767822 0.5423142313957214 15
1642030770858 0.5325976014137268 16
1642030773812 0.5332373380661011 17
1642030776788 0.5235503911972046 18
1642030779750 0.5262740254402161 19
1642030782721 0.5235164165496826 20
1642030785756 0.5193566679954529 21
1642030788691 0.5165789127349854 22
1642030791746 0.515119194984436 23
1642030794722 0.5133216381072998 24
1642030797704 0.5154009461402893 25
1642030800742 0.515204906463623 26
1642030803759 0.5083003044128418 27
1642030806725 0.5033208727836609 28
1642030809690 0.5005235075950623 29
1642030812664 0.5043290257453918 30
1642030815629 0.49736449122428894 31
1642030818683 0.4988797903060913 32
1642030821642 0.4935266077518463 33
1642030824605 0.4896068572998047 34
1642030827587 0.4955584406852722 35
1642030830561 0.4818420112133026 36
1642030833609 0.4841197431087494 37
1642030836585 0.483688622713089 38
1642030839552 0.4849696159362793 39
1642030842543 0.4761349558830261 40
1642030845510 0.4775879383087158 41
1642030848539 0.4716460406780243 42
1642030851525 0.4889543950557709 43
1642030854520 0.47402048110961914 44
1642030857512 0.4701876938343048 45
1642030860490 0.4616629183292389 46
1642030863516 0.4740726053714752 47
1642030866493 0.47025278210639954 48
1642030869459 0.45567435026168823 49
1642030872450 0.45551344752311707 50
1642030875399 0.45354822278022766 51
1642030878465 0.4495151937007904 52
1642030881431 0.4579797387123108 53
1642030884403 0.45485690236091614 54
1642030887373 0.456900954246521 55
1642030890357 0.45624324679374695 56
1642030893414 0.45328661799430847 57
1642030896385 0.449262797832489 58
1642030899346 0.44801560044288635 59
1642030902328 0.4423593580722809 60
1642030905403 0.44127628207206726 61
1642030908452 0.441001832485199 62
1642030911448 0.4370996654033661 63
1642030914417 0.4340723752975464 64
1642030917443 0.43211033940315247 65
1642030920416 0.43364593386650085 66
1642030923480 0.4330851137638092 67
1642030926449 0.4255763292312622 68
1642030929425 0.42369797825813293 69
1642030932413 0.43280497193336487 70
1642030935383 0.4217011034488678 71
1642030938443 0.4257410764694214 72
1642030941420 0.4217997193336487 73
1642030944398 0.4216148555278778 74
1642030947395 0.4152105748653412 75
1642030950370 0.4193447530269623 76
1642030953447 0.41769924759864807 77
1642030956427 0.4137495756149292 78
1642030959401 0.42389926314353943 79
1642030962391 0.40934908390045166 80
1642030965365 0.41305068135261536 81
1642030968401 0.41310203075408936 82
1642030971426 0.41501763463020325 83
1642030974412 0.40719297528266907 84
1642030977418 0.4216524362564087 85
1642030980381 0.4053170680999756 86
1642030983406 0.40123239159584045 87
1642030986434 0.41082602739334106 88
1642030989432 0.40920349955558777 89
1642030992436 0.40072277188301086 90
1642030995435 0.39365559816360474 91
1642030998412 0.38961169123649597 92
1642031001476 0.3952796757221222 93
1642031004487 0.39305824041366577 94
1642031007502 0.39718037843704224 95
1642031010493 0.3929198086261749 96
1642031013699 0.39428970217704773 97
1642031016777 0.38967639207839966 98
1642031019798 0.38535475730895996 99
1642031022808 0.3883231282234192 100
1642031025810 0.38420289754867554 101
1642031028824 0.38747888803482056 102
1642031031831 0.38857361674308777 103
1642031034903 0.38340237736701965 104
1642031037907 0.38759273290634155 105
1642031040904 0.3805556297302246 106
1642031043899 0.3793134391307831 107
1642031046912 0.3817231059074402 108
1642031049972 0.3839856684207916 109
1642031053027 0.38562092185020447 110
1642031056024 0.37348228693008423 111
1642031059017 0.38605910539627075 112
1642031062056 0.3765292465686798 113
1642031065150 0.37265780568122864 114
1642031068192 0.373360812664032 115
1642031071177 0.3742513656616211 116
1642031074168 0.37221309542655945 117
1642031077159 0.36669743061065674 118
1642031080173 0.372593492269516 119
