1641937214748 0.11449834704399109 0
1641937216804 0.0631825402379036 1
1641937218600 0.05876627191901207 2
1641937220455 0.056350503116846085 3
1641937222255 0.05548041686415672 4
1641937224058 0.055135756731033325 5
1641937225845 0.0543651208281517 6
1641937227645 0.05335578694939613 7
1641937229423 0.05279315635561943 8
1641937231212 0.05229032039642334 9
1641937232999 0.051496680825948715 10
1641937234792 0.05078114941716194 11
1641937236580 0.05013791471719742 12
1641937238356 0.04938918724656105 13
1641937240177 0.04796930402517319 14
1641937241961 0.04699496179819107 15
1641937243760 0.04650676250457764 16
1641937245561 0.04540273919701576 17
1641937247367 0.044733017683029175 18
1641937249227 0.043399401009082794 19
1641937251202 0.04247589781880379 20
1641937252992 0.041631460189819336 21
1641937254794 0.04066848382353783 22
1641937256589 0.03973017632961273 23
1641937258385 0.03881535306572914 24
1641937260191 0.03801289573311806 25
1641937261981 0.037534091621637344 26
1641937263773 0.036201462149620056 27
1641937265598 0.03578600287437439 28
1641937267407 0.03497566655278206 29
1641937269201 0.034615278244018555 30
1641937271006 0.03346888720989227 31
1641937272795 0.03308044373989105 32
1641937274593 0.033099498599767685 33
1641937276432 0.03203464671969414 34
1641937278271 0.031416598707437515 35
1641937280128 0.030245164409279823 36
1641937281925 0.030493170022964478 37
1641937283718 0.02974165789783001 38
1641937285525 0.028926238417625427 39
1641937287330 0.028864357620477676 40
1641937289286 0.027750495821237564 41
1641937291155 0.027701862156391144 42
1641937293160 0.027332518249750137 43
1641937295057 0.026453807950019836 44
1641937296895 0.026897024363279343 45
1641937298740 0.02606373094022274 46
1641937300584 0.025575164705514908 47
1641937302451 0.025978270918130875 48
1641937304321 0.02495572715997696 49
1641937306145 0.024361612275242805 50
1641937307929 0.024665575474500656 51
1641937309726 0.02422187849879265 52
1641937311526 0.0243720393627882 53
1641937313368 0.0236117634922266 54
1641937315158 0.022872626781463623 55
1641937316949 0.02335076592862606 56
1641937318744 0.022600961849093437 57
1641937320554 0.022305062040686607 58
1641937322350 0.022149285301566124 59
1641937324142 0.021947454661130905 60
1641937325942 0.02177548035979271 61
1641937327784 0.021686606109142303 62
1641937329575 0.02121463045477867 63
1641937331379 0.021286968141794205 64
1641937333181 0.02104756608605385 65
1641937334964 0.020734261721372604 66
1641937336744 0.020450642332434654 67
1641937338793 0.020280156284570694 68
1641937340684 0.020321574062108994 69
1641937342513 0.02020966447889805 70
1641937344313 0.019669391214847565 71
1641937346167 0.0197394210845232 72
1641937348014 0.0195611659437418 73
1641937349871 0.019674401730298996 74
1641937351801 0.019316406920552254 75
1641937353677 0.018926585093140602 76
1641937355501 0.019412169232964516 77
1641937357363 0.01886162720620632 78
1641937359160 0.01843969151377678 79
