1642032430113 0.12534423172473907 0
1642032433644 0.07716146111488342 1
1642032436781 0.0732862576842308 2
1642032439914 0.07097019255161285 3
1642032443043 0.06771445274353027 4
1642032446241 0.06506997346878052 5
1642032449403 0.06253217905759811 6
1642032452553 0.060577623546123505 7
1642032455699 0.06003086641430855 8
1642032458823 0.05976219102740288 9
1642032461954 0.05871592089533806 10
1642032465090 0.05738816410303116 11
1642032468211 0.057619575411081314 12
1642032471418 0.05712231621146202 13
1642032474681 0.056538667529821396 14
1642032477867 0.05713314563035965 15
1642032480941 0.05674964562058449 16
1642032484138 0.05631517246365547 17
1642032487300 0.05550459027290344 18
1642032490387 0.05553785711526871 19
1642032493590 0.055185701698064804 20
1642032496723 0.054710764437913895 21
1642032499869 0.054272331297397614 22
1642032503012 0.05451579391956329 23
1642032506149 0.05416285619139671 24
1642032509347 0.05377039313316345 25
1642032512469 0.05400786176323891 26
1642032515652 0.05362933501601219 27
1642032518797 0.052722588181495667 28
1642032521949 0.053219735622406006 29
1642032525087 0.052811067551374435 30
1642032528222 0.05211050435900688 31
1642032531426 0.052214741706848145 32
1642032534565 0.05174868926405907 33
1642032537695 0.051504746079444885 34
1642032540829 0.05136818066239357 35
1642032543952 0.05169758200645447 36
1642032547085 0.0511169470846653 37
1642032550283 0.05258632078766823 38
1642032553453 0.05199645459651947 39
