1642010591826 0.07547494024038315 0
1642010592804 0.059814680367708206 1
1642010593874 0.05589009448885918 2
1642010594856 0.0539504811167717 3
1642010595794 0.05221065506339073 4
1642010596607 0.05135596543550491 5
1642010597409 0.04958824813365936 6
1642010598170 0.04964853450655937 7
1642010598956 0.048995763063430786 8
1642010599723 0.047238484025001526 9
1642010600481 0.047099124640226364 10
1642010601244 0.04578530415892601 11
1642010602006 0.044957224279642105 12
1642010602748 0.04391433671116829 13
1642010603520 0.04338982701301575 14
1642010604294 0.042503852397203445 15
1642010605053 0.040430948138237 16
1642010605820 0.04041813313961029 17
1642010606587 0.039064131677150726 18
1642010607347 0.03801840916275978 19
