1642033803738 0.27106913924217224 0
1642033805480 0.09687106311321259 1
1642033807052 0.08543502539396286 2
1642033808432 0.08049950003623962 3
1642033809806 0.07772106677293777 4
1642033811149 0.07610557228326797 5
1642033812510 0.07489447295665741 6
1642033813853 0.07433990389108658 7
1642033815172 0.07110612839460373 8
1642033816560 0.07040523737668991 9
1642033817928 0.06812115013599396 10
1642033819328 0.0668841227889061 11
1642033820712 0.06661459803581238 12
1642033822126 0.066400445997715 13
1642033823463 0.06605633348226547 14
1642033824871 0.06576336175203323 15
1642033826203 0.06501699239015579 16
1642033827553 0.06519107520580292 17
1642033828943 0.06488314270973206 18
1642033830331 0.0650421679019928 19
1642033831689 0.06389175355434418 20
1642033833057 0.062175486236810684 21
1642033834416 0.0631907731294632 22
1642033835834 0.06315094977617264 23
1642033837207 0.06258103996515274 24
1642033838635 0.06221095472574234 25
1642033840000 0.062028709799051285 26
1642033841418 0.061561789363622665 27
1642033842843 0.06172784045338631 28
1642033844198 0.06170407682657242 29
1642033845603 0.062787726521492 30
1642033847044 0.06118038296699524 31
1642033848508 0.060357850044965744 32
1642033849922 0.06053925305604935 33
1642033851300 0.06158179044723511 34
1642033852714 0.05980550870299339 35
1642033854075 0.061639562249183655 36
1642033855436 0.06028379127383232 37
1642033856794 0.05996852368116379 38
1642033858155 0.059351664036512375 39
