1641956615573 0.07959629595279694 0
1641956618307 0.0721060112118721 1
1641956620983 0.07135629653930664 2
1641956623644 0.07041580975055695 3
1641956626308 0.07093124091625214 4
1641956628959 0.07018353044986725 5
1641956631611 0.07013552635908127 6
1641956634271 0.06967201083898544 7
1641956636976 0.06928877532482147 8
1641956639644 0.06950558722019196 9
1641956642308 0.06944701820611954 10
1641956644963 0.06982556730508804 11
1641956647667 0.069277323782444 12
1641956650446 0.06919901818037033 13
1641956653107 0.06943114101886749 14
1641956655809 0.06882966309785843 15
1641956658507 0.06916806101799011 16
1641956661173 0.06908173859119415 17
1641956663830 0.06965222954750061 18
1641956666488 0.06904425472021103 19
