1642026281082 0.13369838893413544 0
1642026283257 0.08034490048885345 1
1642026285332 0.07432335615158081 2
1642026287117 0.07008276879787445 3
1642026288896 0.06654863804578781 4
1642026290694 0.06398513913154602 5
1642026292431 0.06144662946462631 6
1642026294276 0.06046935170888901 7
1642026296101 0.060027141124010086 8
1642026297851 0.05977751687169075 9
1642026299634 0.05936827510595322 10
1642026301375 0.05869967117905617 11
1642026303120 0.05931931361556053 12
1642026304820 0.05846994370222092 13
1642026306565 0.057254593819379807 14
1642026308353 0.05776526778936386 15
1642026310094 0.05732403323054314 16
1642026311891 0.05686095356941223 17
1642026313629 0.05660270154476166 18
1642026315409 0.0558227114379406 19
1642026317217 0.05598894879221916 20
1642026318963 0.05525272712111473 21
1642026320750 0.05552453175187111 22
1642026322592 0.054587461054325104 23
1642026324408 0.05461692065000534 24
1642026326317 0.05432538688182831 25
1642026328123 0.05422343313694 26
1642026329888 0.053667083382606506 27
1642026331680 0.05333717167377472 28
1642026333435 0.05354631692171097 29
1642026335224 0.05316852033138275 30
1642026336966 0.05314633250236511 31
1642026338755 0.05282211676239967 32
1642026340493 0.05252053216099739 33
1642026342204 0.05210699513554573 34
1642026344044 0.05160171538591385 35
1642026345787 0.051435790956020355 36
1642026347588 0.05141109600663185 37
1642026349332 0.05153411254286766 38
1642026351200 0.050948236137628555 39
1642026353036 0.0508715994656086 40
1642026354794 0.04998590424656868 41
1642026356574 0.05032758042216301 42
1642026358398 0.04956094175577164 43
1642026360113 0.0488269180059433 44
1642026361958 0.04879015311598778 45
1642026363728 0.04900980368256569 46
1642026365521 0.048187851905822754 47
1642026367320 0.04812280461192131 48
1642026369120 0.04804106801748276 49
1642026370927 0.04748416692018509 50
1642026372705 0.04706701263785362 51
1642026374444 0.046981144696474075 52
1642026376250 0.04696887359023094 53
1642026378045 0.046696245670318604 54
1642026379830 0.04654880240559578 55
1642026381687 0.04611457511782646 56
1642026383481 0.045655298978090286 57
1642026385205 0.04522556811571121 58
1642026386948 0.04558958858251572 59
1642026388708 0.04501764476299286 60
1642026390486 0.04513853043317795 61
1642026392235 0.044993799179792404 62
1642026393940 0.043763864785432816 63
1642026395755 0.044127169996500015 64
1642026397556 0.04416099563241005 65
1642026399295 0.045232996344566345 66
1642026401093 0.043301772326231 67
1642026402887 0.0435391366481781 68
1642026404662 0.04313967376947403 69
1642026406473 0.04320085421204567 70
1642026408294 0.04226050525903702 71
1642026410035 0.04281214624643326 72
1642026411811 0.04280252009630203 73
1642026413580 0.041864849627017975 74
1642026415319 0.0424099899828434 75
1642026417105 0.04209297522902489 76
1642026418883 0.04130646213889122 77
1642026420579 0.0413377620279789 78
1642026422366 0.04077214002609253 79
