1642024932748 0.07511871308088303 0
1642024936399 0.059820983558893204 1
1642024939723 0.05712779238820076 2
1642024942970 0.05616797134280205 3
1642024946264 0.05525260791182518 4
1642024949584 0.053994838148355484 5
1642024952880 0.053543779999017715 6
1642024956096 0.052619267255067825 7
1642024959406 0.052419088780879974 8
1642024962709 0.051068007946014404 9
1642024965931 0.05028431490063667 10
1642024969204 0.04902053624391556 11
1642024972409 0.04821374639868736 12
1642024975702 0.04696819931268692 13
1642024978977 0.04604471102356911 14
1642024982294 0.04500093683600426 15
1642024985587 0.04420816898345947 16
1642024988898 0.04339577257633209 17
1642024992441 0.041815780103206635 18
1642024995768 0.04099613428115845 19
