1642008790818 0.6720877885818481 0
1642008792131 0.5766437649726868 1
1642008793308 0.5485771894454956 2
1642008794541 0.5311781764030457 3
1642008795807 0.5233234167098999 4
1642008796982 0.5162439346313477 5
1642008798217 0.5039756298065186 6
1642008799450 0.5004493594169617 7
1642008800648 0.4887405335903168 8
1642008801881 0.47936487197875977 9
1642008803107 0.470544695854187 10
1642008804299 0.4679604768753052 11
1642008805549 0.4577978253364563 12
1642008806758 0.4508097469806671 13
1642008807967 0.4449447989463806 14
1642008809212 0.4278189539909363 15
1642008810394 0.41978535056114197 16
1642008811630 0.4098692536354065 17
1642008812856 0.40034520626068115 18
1642008814025 0.38853827118873596 19
1642008815274 0.37675750255584717 20
1642008816513 0.3654835522174835 21
1642008817697 0.35919246077537537 22
1642008818934 0.3471015393733978 23
1642008820169 0.3362678289413452 24
1642008821357 0.32559487223625183 25
1642008822598 0.31609681248664856 26
1642008823831 0.30350610613822937 27
1642008825131 0.2951869070529938 28
1642008826516 0.29082822799682617 29
1642008827755 0.27468663454055786 30
1642008828930 0.2732327878475189 31
1642008830168 0.265872985124588 32
1642008831406 0.2532449960708618 33
1642008832602 0.24458295106887817 34
1642008833827 0.2379125952720642 35
1642008835027 0.23898042738437653 36
1642008836293 0.2271558791399002 37
1642008837542 0.2271493375301361 38
1642008838726 0.2152407318353653 39
