1642026486699 0.07303768396377563 0
1642026487570 0.058997251093387604 1
1642026488490 0.05503586679697037 2
1642026489434 0.05384022742509842 3
1642026490394 0.05290801078081131 4
1642026491312 0.050647933036088943 5
1642026492281 0.050648946315050125 6
1642026493230 0.04961993917822838 7
1642026494194 0.048299264162778854 8
1642026495271 0.046689651906490326 9
1642026496242 0.04547606036067009 10
1642026497321 0.04432123154401779 11
1642026498546 0.04308442026376724 12
1642026499719 0.04181733727455139 13
1642026500842 0.04091596230864525 14
1642026501879 0.03943851217627525 15
1642026502815 0.037943240255117416 16
1642026503786 0.03682958334684372 17
1642026504683 0.034776560962200165 18
1642026505653 0.03380750119686127 19
1642026506566 0.031986553221940994 20
1642026507552 0.031154250726103783 21
1642026508469 0.029467150568962097 22
1642026509404 0.029489949345588684 23
1642026510312 0.029061339795589447 24
1642026511258 0.026778841391205788 25
1642026512214 0.025695670396089554 26
1642026513147 0.024730542674660683 27
1642026514116 0.024745779111981392 28
1642026515043 0.022338347509503365 29
1642026516010 0.021608872339129448 30
1642026516951 0.021296683698892593 31
1642026517878 0.020427701994776726 32
1642026518800 0.020506959408521652 33
1642026519786 0.020130805671215057 34
1642026520668 0.018951773643493652 35
1642026521606 0.01865718513727188 36
1642026522536 0.01798826828598976 37
1642026523474 0.01753273978829384 38
1642026524375 0.016891924664378166 39
