1642022787823 0.8247653245925903 0
1642022789811 0.7288857102394104 1
1642022791649 0.6867114305496216 2
1642022793226 0.6397663354873657 3
1642022794803 0.615110456943512 4
1642022796387 0.5971644520759583 5
1642022797955 0.5873016715049744 6
1642022799560 0.5760690569877625 7
1642022801144 0.5653145909309387 8
1642022802713 0.5615823268890381 9
1642022804292 0.5632039904594421 10
1642022805865 0.555682361125946 11
1642022807372 0.5458523035049438 12
1642022808982 0.5480740666389465 13
1642022810509 0.5425584316253662 14
1642022812083 0.5376351475715637 15
1642022813663 0.5351291298866272 16
1642022815193 0.5369170904159546 17
1642022816784 0.5287891626358032 18
1642022818353 0.5289289355278015 19
1642022819991 0.5226101875305176 20
1642022821576 0.5220545530319214 21
1642022823090 0.5151893496513367 22
1642022824714 0.5127187967300415 23
1642022826276 0.5124750733375549 24
1642022827834 0.5103651285171509 25
1642022829365 0.5069901943206787 26
1642022830945 0.501855731010437 27
1642022832622 0.4978524446487427 28
1642022834233 0.4921568036079407 29
1642022835827 0.4913979172706604 30
1642022837397 0.4905681908130646 31
1642022838919 0.4857625961303711 32
1642022840494 0.48560866713523865 33
1642022842065 0.48423951864242554 34
1642022843602 0.4754545986652374 35
1642022845188 0.47630608081817627 36
1642022846776 0.47250208258628845 37
1642022848377 0.4682161211967468 38
1642022849957 0.467271089553833 39
1642022851486 0.4692384600639343 40
1642022853111 0.46027976274490356 41
1642022854625 0.46051549911499023 42
1642022856206 0.46059030294418335 43
1642022857780 0.4528178870677948 44
1642022859346 0.4497269093990326 45
1642022860945 0.44950777292251587 46
1642022862513 0.446527361869812 47
1642022864105 0.4409528970718384 48
1642022865681 0.4467364549636841 49
1642022867264 0.43616700172424316 50
1642022868848 0.43351155519485474 51
1642022870413 0.4366833567619324 52
1642022871971 0.43398916721343994 53
1642022873556 0.4304339289665222 54
1642022875097 0.429413765668869 55
1642022876726 0.4225378930568695 56
1642022878297 0.4222849905490875 57
1642022879863 0.41990360617637634 58
1642022881444 0.4143883287906647 59
1642022883027 0.4146113395690918 60
1642022884607 0.412763386964798 61
1642022886174 0.4108591377735138 62
1642022887774 0.41290339827537537 63
1642022889369 0.4108589291572571 64
1642022890945 0.4059349596500397 65
1642022892532 0.4013851284980774 66
1642022894098 0.3988421559333801 67
1642022895649 0.4030083119869232 68
1642022897220 0.3969692885875702 69
1642022898754 0.38929396867752075 70
1642022900348 0.39260175824165344 71
1642022901937 0.3903350532054901 72
1642022903477 0.3902283310890198 73
1642022905076 0.3894156813621521 74
1642022906594 0.3840925097465515 75
1642022908168 0.38539764285087585 76
1642022909737 0.37900644540786743 77
1642022911287 0.3838960528373718 78
1642022912920 0.3817683160305023 79
