1641937082471 0.19859148561954498 0
1641937084204 0.0881098061800003 1
1641937085788 0.07142432034015656 2
1641937087412 0.06381507962942123 3
1641937089024 0.06027049198746681 4
1641937090677 0.059365421533584595 5
1641937092306 0.058317020535469055 6
1641937093903 0.05814116820693016 7
1641937095554 0.05812384560704231 8
1641937097211 0.057636428624391556 9
1641937098825 0.05682046711444855 10
1641937100418 0.05688422918319702 11
1641937102046 0.05602703616023064 12
1641937103714 0.05595530942082405 13
1641937105318 0.055699970573186874 14
1641937106934 0.05541066825389862 15
1641937108598 0.054581355303525925 16
1641937110199 0.054278187453746796 17
1641937112020 0.05449215695261955 18
1641937113764 0.053855981677770615 19
1641937115374 0.054045259952545166 20
1641937117003 0.053269848227500916 21
1641937118655 0.05253688991069794 22
1641937120257 0.05235138535499573 23
1641937121857 0.05252835154533386 24
1641937123478 0.052120618522167206 25
1641937125129 0.05213731899857521 26
1641937126728 0.05139249935746193 27
1641937128578 0.05102239549160004 28
1641937130236 0.05142277479171753 29
1641937131825 0.050712358206510544 30
1641937133451 0.05091221258044243 31
1641937135077 0.05174499750137329 32
1641937136678 0.052527617663145065 33
1641937138306 0.05142098665237427 34
1641937139939 0.05014536902308464 35
1641937141530 0.04974784702062607 36
1641937143130 0.049748048186302185 37
1641937144794 0.050082892179489136 38
1641937146480 0.049257222563028336 39
1641937148134 0.04854244738817215 40
1641937149784 0.04918108507990837 41
1641937151351 0.04895102605223656 42
1641937152952 0.04813030734658241 43
1641937154589 0.04801306501030922 44
1641937156162 0.04752883315086365 45
1641937157751 0.047995343804359436 46
1641937159419 0.04710754379630089 47
1641937161033 0.04733492434024811 48
1641937162650 0.047703228890895844 49
1641937164286 0.04688635095953941 50
1641937165851 0.04646619036793709 51
1641937167433 0.04644964262843132 52
1641937169196 0.045768432319164276 53
1641937170809 0.04585255682468414 54
1641937172369 0.046805161982774734 55
1641937173870 0.04597950726747513 56
1641937175415 0.04552248492836952 57
1641937176880 0.045249342918395996 58
1641937178433 0.04611283168196678 59
1641937179942 0.046787939965724945 60
1641937181418 0.045702505856752396 61
1641937182871 0.04613358899950981 62
1641937184310 0.04541953280568123 63
1641937185736 0.046762436628341675 64
1641937187193 0.04458336904644966 65
1641937188697 0.04417393356561661 66
1641937190160 0.04386783763766289 67
1641937191628 0.045260678976774216 68
1641937193087 0.045647989958524704 69
1641937194545 0.04544253647327423 70
1641937195996 0.04424824193120003 71
1641937197441 0.044418081641197205 72
1641937198938 0.04471057653427124 73
1641937200396 0.04491794854402542 74
1641937201859 0.04679715633392334 75
1641937203326 0.04642954841256142 76
1641937204778 0.04571043699979782 77
1641937206242 0.04244966804981232 78
1641937207707 0.0420188307762146 79
