1642023239624 0.07191987335681915 0
1642023242825 0.058338847011327744 1
1642023245869 0.056456513702869415 2
1642023248842 0.05498359352350235 3
1642023251858 0.054262589663267136 4
1642023254962 0.05310048907995224 5
1642023258030 0.0524212121963501 6
1642023261064 0.051634497940540314 7
1642023264029 0.05093979462981224 8
1642023267127 0.049540791660547256 9
1642023270112 0.048810925334692 10
1642023273160 0.04811631515622139 11
1642023276144 0.04719654470682144 12
1642023279167 0.04626908525824547 13
1642023282152 0.045280903577804565 14
1642023285067 0.04485417529940605 15
1642023288148 0.04379137605428696 16
1642023291330 0.0425204373896122 17
1642023294360 0.041375480592250824 18
1642023297319 0.04114915430545807 19
