1642026429968 0.08486830443143845 0
1642026430899 0.0606243796646595 1
1642026431820 0.05629467964172363 2
1642026432769 0.05313543230295181 3
1642026433692 0.052204377949237823 4
1642026434608 0.05101575702428818 5
1642026435564 0.04886550456285477 6
1642026436494 0.04836785048246384 7
1642026437637 0.04688260331749916 8
1642026438835 0.04617621377110481 9
1642026439940 0.04468029737472534 10
1642026441041 0.044097092002630234 11
1642026442186 0.04254802316427231 12
1642026443225 0.04162340983748436 13
1642026444236 0.04034880921244621 14
1642026445169 0.039713822305202484 15
1642026446042 0.0378335602581501 16
1642026446954 0.036548689007759094 17
1642026447848 0.0355970598757267 18
1642026448761 0.03420998528599739 19
