1641955209009 0.08115790784358978 0
1641955211756 0.06414024531841278 1
1641955214377 0.05917995423078537 2
1641955217135 0.057805463671684265 3
1641955219655 0.05730842798948288 4
1641955222294 0.05608716234564781 5
1641955224842 0.055707305669784546 6
1641955227307 0.055040329694747925 7
1641955229762 0.05447104573249817 8
1641955232311 0.05407681688666344 9
1641955234839 0.053926125168800354 10
1641955237430 0.05300302803516388 11
1641955240029 0.05273047462105751 12
1641955242808 0.05234788730740547 13
1641955245410 0.05178569629788399 14
1641955247851 0.05188385397195816 15
1641955250311 0.05128691345453262 16
1641955252902 0.05106481537222862 17
1641955255358 0.050381340086460114 18
1641955257907 0.05050632357597351 19
