1641956094587 0.0716843530535698 0
1641956095992 0.0587799958884716 1
1641956097297 0.05627619847655296 2
1641956098631 0.05389224737882614 3
1641956099865 0.0532722994685173 4
1641956101169 0.051860418170690536 5
1641956102430 0.05101636424660683 6
1641956103661 0.050408292561769485 7
1641956105006 0.049733053892850876 8
1641956106234 0.048918455839157104 9
1641956107539 0.0481647290289402 10
1641956108788 0.04751569777727127 11
1641956110007 0.04631097987294197 12
1641956111328 0.04577039182186127 13
1641956112560 0.04465840384364128 14
1641956113862 0.04376557469367981 15
1641956115108 0.042570069432258606 16
1641956116327 0.04185988008975983 17
1641956117645 0.040593355894088745 18
1641956118881 0.03988036513328552 19
1641956120211 0.03889595344662666 20
1641956121464 0.03744691237807274 21
1641956122671 0.03723267465829849 22
1641956124012 0.03526589274406433 23
1641956125241 0.03457915410399437 24
1641956126577 0.03390716388821602 25
1641956127816 0.033411212265491486 26
1641956129093 0.0317436084151268 27
1641956130485 0.030428966507315636 28
1641956131770 0.030135000124573708 29
1641956133100 0.02974897436797619 30
1641956134328 0.02889236994087696 31
1641956135631 0.027882641181349754 32
1641956136872 0.027339667081832886 33
1641956138094 0.026251625269651413 34
1641956139427 0.02507399395108223 35
1641956140652 0.025402924045920372 36
1641956141958 0.024545855820178986 37
1641956143216 0.023711811751127243 38
1641956144450 0.024218840524554253 39
1641956145790 0.022694392129778862 40
1641956147009 0.02254866249859333 41
1641956148335 0.022017410025000572 42
1641956149570 0.02207598276436329 43
1641956150833 0.022277234122157097 44
1641956152118 0.021618330851197243 45
1641956153349 0.020630022510886192 46
1641956154686 0.020403681322932243 47
1641956155924 0.02051738277077675 48
1641956157236 0.01944870688021183 49
1641956158489 0.019247403368353844 50
1641956159720 0.018549257889389992 51
1641956161055 0.018073758110404015 52
1641956162280 0.018452491611242294 53
1641956163593 0.018833233043551445 54
1641956164849 0.018019115552306175 55
1641956166078 0.01779996044933796 56
1641956167437 0.017491763457655907 57
1641956168752 0.01656007021665573 58
1641956170154 0.017480487003922462 59
1641956171435 0.01731112226843834 60
1641956172763 0.01630614511668682 61
1641956174098 0.01662365347146988 62
1641956175383 0.015873895958065987 63
1641956176771 0.0158732607960701 64
1641956178052 0.015813078731298447 65
1641956179457 0.01516903005540371 66
1641956180676 0.015962762758135796 67
1641956181962 0.015565422363579273 68
1641956183237 0.015838684514164925 69
1641956184469 0.01518886536359787 70
1641956185807 0.014537887647747993 71
1641956187030 0.014193211682140827 72
1641956188364 0.01514382567256689 73
1641956189601 0.014844801276922226 74
1641956190875 0.01366309355944395 75
1641956192162 0.013732454739511013 76
1641956193389 0.01310966070741415 77
1641956194745 0.013484261929988861 78
1641956195975 0.014268402941524982 79
