1641956423866 0.07369163632392883 0
1641956424599 0.058030445128679276 1
1641956425362 0.0553942508995533 2
1641956426074 0.05288790166378021 3
1641956426771 0.051990460604429245 4
1641956427432 0.05038776621222496 5
1641956428131 0.049909863620996475 6
1641956428796 0.04903857782483101 7
1641956429454 0.04837124049663544 8
1641956430163 0.0469648614525795 9
1641956430815 0.04648083448410034 10
1641956431523 0.045530766248703 11
1641956432188 0.04428276792168617 12
1641956432848 0.043839696794748306 13
1641956433552 0.042738739401102066 14
1641956434219 0.041886601597070694 15
1641956434930 0.04084501415491104 16
1641956435603 0.03956373408436775 17
1641956436304 0.03937729448080063 18
1641956436964 0.03716391697525978 19
1641956437677 0.03623839467763901 20
1641956438337 0.03593502938747406 21
1641956439005 0.03448805585503578 22
1641956439715 0.03369178622961044 23
1641956440379 0.03252669796347618 24
1641956441083 0.0319700725376606 25
1641956441751 0.030688785016536713 26
1641956442417 0.029245339334011078 27
1641956443133 0.029130764305591583 28
1641956443794 0.027701567858457565 29
1641956444506 0.027163751423358917 30
1641956445166 0.027015330269932747 31
1641956445866 0.025989040732383728 32
1641956446526 0.025303607806563377 33
1641956447189 0.023829543963074684 34
1641956447893 0.023282594978809357 35
1641956448555 0.022853195667266846 36
1641956449264 0.02227003313601017 37
1641956449925 0.021918702870607376 38
1641956450636 0.021076522767543793 39
1641956451293 0.02116752415895462 40
1641956451963 0.02035372331738472 41
1641956452669 0.019468916580080986 42
1641956453340 0.01844603568315506 43
1641956454044 0.019003916531801224 44
1641956454707 0.018127135932445526 45
1641956455363 0.018368884921073914 46
1641956456075 0.017434122040867805 47
1641956456737 0.017699306830763817 48
1641956457448 0.01707906648516655 49
1641956458116 0.01709335297346115 50
1641956458888 0.016856711357831955 51
1641956459598 0.016474030911922455 52
1641956460307 0.015924246981739998 53
1641956460970 0.015190687030553818 54
1641956461673 0.015619035810232162 55
1641956462347 0.01594102382659912 56
1641956463045 0.014962234534323215 57
1641956463716 0.014573141001164913 58
1641956464381 0.014764581806957722 59
1641956465096 0.014330453239381313 60
1641956465760 0.01429542526602745 61
1641956466432 0.014148648828268051 62
1641956467128 0.013073419220745564 63
1641956467805 0.012964051216840744 64
1641956468509 0.012968857772648335 65
1641956469179 0.01355038397014141 66
1641956469902 0.012933040969073772 67
1641956470565 0.012976414524018764 68
1641956471229 0.01263261679559946 69
1641956471937 0.012282783165574074 70
1641956472604 0.012975750491023064 71
1641956473308 0.012550649233162403 72
1641956473975 0.01220160722732544 73
1641956474680 0.012017523869872093 74
1641956475345 0.011408071964979172 75
1641956476049 0.011620025150477886 76
1641956476719 0.011984818615019321 77
1641956477384 0.011401204392313957 78
1641956478087 0.012332241050899029 79
