1642009449537 0.08213980495929718 0
1642009452031 0.06270978599786758 1
1642009454539 0.05946962162852287 2
1642009457045 0.05748583376407623 3
1642009459570 0.05684038624167442 4
1642009462146 0.056488942354917526 5
1642009464658 0.05581226944923401 6
1642009467228 0.05533016473054886 7
1642009469740 0.05496925860643387 8
1642009472255 0.05458391085267067 9
1642009474784 0.053851813077926636 10
1642009477345 0.05306212231516838 11
1642009479862 0.05264674127101898 12
1642009482473 0.05221375450491905 13
1642009485191 0.05204837769269943 14
1642009487724 0.0512772835791111 15
1642009490223 0.05146598815917969 16
1642009492746 0.05110079422593117 17
1642009495252 0.050207335501909256 18
1642009497761 0.049771055579185486 19
