1641956781875 0.07753487676382065 0
1641956784557 0.07244586944580078 1
1641956787163 0.07094334065914154 2
1641956789825 0.07041839510202408 3
1641956792449 0.0703432559967041 4
1641956795109 0.06990699470043182 5
1641956797726 0.06986311823129654 6
1641956800399 0.06970570981502533 7
1641956803055 0.06976135075092316 8
1641956805650 0.06911507248878479 9
1641956808315 0.06936433166265488 10
1641956810922 0.06927530467510223 11
1641956813584 0.06933727860450745 12
1641956816310 0.06919465959072113 13
1641956818983 0.0692078173160553 14
1641956821884 0.06911074370145798 15
1641956824833 0.06920505315065384 16
1641956827662 0.06929237395524979 17
1641956830640 0.0690881535410881 18
1641956833641 0.0690436065196991 19
1641956836520 0.06913650035858154 20
1641956839740 0.06906499713659286 21
1641956842703 0.06908433884382248 22
1641956845636 0.06935688108205795 23
1641956848738 0.06916794180870056 24
1641956851819 0.06914766877889633 25
1641956854681 0.06910813599824905 26
1641956857533 0.06872906535863876 27
1641956860355 0.06893491744995117 28
1641956863314 0.06892511993646622 29
1641956866301 0.06884115189313889 30
1641956869309 0.06867440789937973 31
1641956872378 0.06896674633026123 32
1641956875260 0.06865663081407547 33
1641956878094 0.06868881732225418 34
1641956881137 0.06893517822027206 35
1641956884230 0.06900232285261154 36
1641956887239 0.06876567751169205 37
1641956890191 0.06881195306777954 38
1641956893182 0.0688500702381134 39
