1642010613962 0.09049401432275772 0
1642010615044 0.06691081076860428 1
1642010616080 0.06273405998945236 2
1642010617021 0.059624191373586655 3
1642010617915 0.05748899281024933 4
1642010618797 0.05686226114630699 5
1642010619659 0.05603727698326111 6
1642010620544 0.055183444172143936 7
1642010621415 0.05445602908730507 8
1642010622308 0.05373667925596237 9
1642010623203 0.05331984534859657 10
1642010624090 0.05229133367538452 11
1642010624961 0.052280981093645096 12
1642010625850 0.05182436481118202 13
1642010626719 0.051521603018045425 14
1642010627647 0.05123677849769592 15
1642010628544 0.05036737769842148 16
1642010629437 0.05017566680908203 17
1642010630314 0.04955456778407097 18
1642010631187 0.049763500690460205 19
