1641955479531 0.0764935240149498 0
1641955482119 0.059382058680057526 1
1641955484754 0.056892603635787964 2
1641955487312 0.054992783814668655 3
1641955489882 0.054242510348558426 4
1641955492501 0.05364217609167099 5
1641955495054 0.0526033379137516 6
1641955497591 0.05200653895735741 7
1641955500226 0.05084820091724396 8
1641955502772 0.05067652836441994 9
1641955505531 0.04937233775854111 10
1641955508128 0.048927050083875656 11
1641955510675 0.04806528240442276 12
1641955513296 0.047294504940509796 13
1641955515864 0.045692574232816696 14
1641955518517 0.04518352448940277 15
1641955521156 0.04435284808278084 16
1641955523711 0.04317864403128624 17
1641955526305 0.04277169704437256 18
1641955528865 0.04154415801167488 19
1641955531393 0.04043523967266083 20
1641955534007 0.03997405990958214 21
1641955536548 0.038832422345876694 22
1641955539082 0.037888143211603165 23
1641955541697 0.03721713647246361 24
1641955544243 0.03633204475045204 25
1641955546881 0.03513610363006592 26
1641955549425 0.03456443175673485 27
1641955551980 0.03406037017703056 28
1641955554599 0.03371565788984299 29
1641955557140 0.03306158632040024 30
1641955559697 0.0318872444331646 31
1641955562320 0.031670842319726944 32
1641955564863 0.030681969597935677 33
1641955567488 0.029961060732603073 34
1641955570026 0.02939107082784176 35
1641955572584 0.02877260185778141 36
1641955575222 0.028157705441117287 37
1641955577774 0.027461275458335876 38
1641955580414 0.027204636484384537 39
1641955582965 0.02712399698793888 40
1641955585526 0.026244373992085457 41
1641955588174 0.025593727827072144 42
1641955590724 0.025596709921956062 43
1641955593347 0.025204923003911972 44
1641955595927 0.02493107132613659 45
1641955598501 0.02505151554942131 46
1641955601121 0.023877209052443504 47
1641955603693 0.024164274334907532 48
1641955606345 0.023696135729551315 49
1641955608905 0.023418044671416283 50
1641955611456 0.022466417402029037 51
1641955614095 0.022256819531321526 52
1641955616654 0.02176237665116787 53
1641955619321 0.021625954657793045 54
1641955621880 0.02134743146598339 55
1641955624455 0.021035820245742798 56
1641955627117 0.020942434668540955 57
1641955629681 0.020745687186717987 58
1641955632340 0.020737603306770325 59
1641955634899 0.01996106095612049 60
1641955637542 0.019937723875045776 61
1641955640102 0.019556667655706406 62
1641955642764 0.019804049283266068 63
1641955645323 0.018912550061941147 64
1641955647986 0.01967925764620304 65
1641955650556 0.019425345584750175 66
1641955653186 0.019352439790964127 67
1641955655772 0.018792197108268738 68
1641955658422 0.01876547932624817 69
1641955660990 0.01796366460621357 70
1641955663654 0.017925772815942764 71
1641955666215 0.018046557903289795 72
1641955668880 0.01742745190858841 73
1641955671452 0.017763711512088776 74
1641955674141 0.01731865666806698 75
1641955676704 0.01692812703549862 76
1641955679382 0.017298344522714615 77
1641955681951 0.017086051404476166 78
1641955684643 0.016882065683603287 79
