1641941582902 0.13175374269485474 0
1641941583544 0.0657837986946106 1
1641941584177 0.05935800075531006 2
1641941584850 0.05596045404672623 3
1641941585473 0.05314139276742935 4
1641941586127 0.052832648158073425 5
1641941586723 0.051999371498823166 6
1641941587404 0.050481997430324554 7
1641941588033 0.048846568912267685 8
1641941588697 0.04840641841292381 9
1641941589309 0.04701660946011543 10
1641941589968 0.0459183044731617 11
1641941590550 0.04407873749732971 12
1641941591146 0.04439692199230194 13
1641941591809 0.043726738542318344 14
1641941592465 0.04249977692961693 15
1641941593132 0.04185152426362038 16
1641941593772 0.042050208896398544 17
1641941594376 0.04094192758202553 18
1641941594978 0.039508573710918427 19
1641941595637 0.03961629793047905 20
1641941596335 0.03880976513028145 21
1641941596931 0.03690576180815697 22
1641941597530 0.03780035674571991 23
1641941598204 0.03703576326370239 24
1641941598806 0.035737160593271255 25
1641941599472 0.034529779106378555 26
1641941600121 0.03542698174715042 27
1641941600754 0.034765493124723434 28
1641941601384 0.03297405689954758 29
1641941602034 0.032634586095809937 30
1641941602685 0.032236482948064804 31
1641941603324 0.03224550560116768 32
1641941603934 0.03117942251265049 33
1641941604538 0.031148385256528854 34
1641941605237 0.030035169795155525 35
1641941605856 0.02954588271677494 36
1641941606503 0.02887892536818981 37
1641941607121 0.02865985594689846 38
1641941607755 0.028491878882050514 39
1641941608399 0.027912408113479614 40
1641941609029 0.026555214077234268 41
1641941609688 0.02648724988102913 42
1641941610329 0.02622899040579796 43
1641941610993 0.02600167505443096 44
1641941611639 0.025260141119360924 45
1641941612296 0.024172162637114525 46
1641941612987 0.02388228103518486 47
1641941613645 0.02421261928975582 48
1641941614256 0.02348792925477028 49
1641941615029 0.02346184477210045 50
1641941615867 0.022552212700247765 51
1641941616692 0.02200241945683956 52
1641941617390 0.022516099736094475 53
1641941618108 0.02155173383653164 54
1641941618873 0.021439677104353905 55
1641941619596 0.020733116194605827 56
1641941620259 0.02076626755297184 57
1641941621019 0.02026691474020481 58
1641941621693 0.019896073266863823 59
1641941622287 0.019993066787719727 60
1641941622890 0.019160402938723564 61
1641941623555 0.01906033791601658 62
1641941624284 0.019179649651050568 63
1641941624902 0.018787531182169914 64
1641941625542 0.01814432628452778 65
1641941626197 0.01815490983426571 66
1641941626875 0.01797579973936081 67
1641941627513 0.017853712663054466 68
1641941628115 0.017625315114855766 69
1641941628778 0.017081476747989655 70
1641941629436 0.017748583108186722 71
1641941630078 0.016930311918258667 72
1641941630718 0.016394196078181267 73
1641941631377 0.01668722741305828 74
1641941631991 0.016345730051398277 75
1641941632653 0.01555568166077137 76
1641941633295 0.016326265409588814 77
1641941633922 0.01556435227394104 78
1641941634610 0.015447758138179779 79
1641941635218 0.01495121419429779 80
1641941635890 0.015568309463560581 81
1641941636489 0.014889082871377468 82
1641941637152 0.014725957065820694 83
1641941637767 0.014204411767423153 84
1641941638429 0.014331923797726631 85
1641941639068 0.014177059754729271 86
1641941639691 0.014544202014803886 87
1641941640298 0.014256293885409832 88
1641941640955 0.013658524490892887 89
1641941641552 0.01392586249858141 90
1641941642209 0.01436601672321558 91
1641941642869 0.013678198680281639 92
1641941643525 0.013119669631123543 93
1641941644129 0.013511975295841694 94
1641941644767 0.013057531788945198 95
1641941645388 0.013662953861057758 96
1641941646044 0.012984152883291245 97
1641941646667 0.013508730567991734 98
1641941647270 0.012615245766937733 99
1641941647980 0.012673625722527504 100
1641941648615 0.012739178724586964 101
1641941649246 0.012328309006989002 102
1641941649910 0.01231013797223568 103
1641941650557 0.012283599935472012 104
1641941651171 0.0123579828068614 105
1641941651774 0.01169624924659729 106
1641941652437 0.011894299648702145 107
1641941653095 0.012678416445851326 108
1641941653875 0.011822503060102463 109
1641941654519 0.011770683340728283 110
1641941655188 0.011985261924564838 111
1641941655804 0.01180538721382618 112
1641941656445 0.0114223537966609 113
1641941657103 0.011645245365798473 114
1641941657759 0.011106577701866627 115
1641941658426 0.011694250628352165 116
1641941659076 0.011105665005743504 117
1641941659683 0.010899257846176624 118
1641941660387 0.010992426425218582 119
