1642023307352 0.1184416338801384 0
1642023310819 0.07868683338165283 1
1642023314190 0.07090650498867035 2
1642023317436 0.06704434752464294 3
1642023320758 0.06473614275455475 4
1642023324067 0.06330358982086182 5
1642023327392 0.060704804956912994 6
1642023330713 0.05983120948076248 7
1642023333955 0.0584864541888237 8
1642023337191 0.0577591210603714 9
1642023340542 0.05785359814763069 10
1642023343864 0.05828379839658737 11
1642023347224 0.057162344455718994 12
1642023350720 0.05638670548796654 13
1642023353972 0.05614273622632027 14
1642023357378 0.05570715293288231 15
1642023360600 0.05575720593333244 16
1642023363941 0.05537589639425278 17
1642023367266 0.05566420406103134 18
1642023370570 0.05426357313990593 19
