1642029860978 0.8558099865913391 0
1642029864215 0.7410928606987 1
1642029867178 0.7045400142669678 2
1642029870165 0.6509857177734375 3
1642029873178 0.6140320301055908 4
1642029876140 0.6056155562400818 5
1642029879091 0.5963969826698303 6
1642029882086 0.5801718831062317 7
1642029885193 0.5757695436477661 8
1642029888117 0.5713080167770386 9
1642029891121 0.5631593465805054 10
1642029894023 0.555513322353363 11
1642029896934 0.5612218976020813 12
1642029899848 0.5521968007087708 13
1642029902792 0.5432243347167969 14
1642029905843 0.543988823890686 15
1642029908699 0.5387458205223083 16
1642029911565 0.5336050391197205 17
1642029914439 0.5352075099945068 18
1642029917318 0.5267673134803772 19
1642029920192 0.5206342339515686 20
1642029923136 0.517250120639801 21
1642029925999 0.5175099968910217 22
1642029928868 0.5149942636489868 23
1642029931743 0.5139146447181702 24
1642029934620 0.5098690390586853 25
1642029937548 0.5053399801254272 26
1642029940431 0.5044918060302734 27
1642029943329 0.5022606253623962 28
1642029946208 0.4965476989746094 29
1642029949099 0.5008419752120972 30
1642029952040 0.48752716183662415 31
1642029954932 0.48960211873054504 32
1642029957838 0.4917168617248535 33
1642029960730 0.4853266179561615 34
1642029963607 0.4867933392524719 35
1642029966553 0.47869813442230225 36
1642029969427 0.47858572006225586 37
1642029972303 0.47493231296539307 38
1642029975186 0.4715736508369446 39
