1642035239747 0.1310829371213913 0
1642035242911 0.07891083508729935 1
1642035246120 0.07508068531751633 2
1642035249441 0.07282637059688568 3
1642035252751 0.0695469081401825 4
1642035255932 0.06705402582883835 5
1642035259228 0.06486894190311432 6
1642035262511 0.0633307620882988 7
1642035266161 0.06165875121951103 8
1642035269228 0.0604265034198761 9
1642035272195 0.059637751430273056 10
1642035275205 0.0592283234000206 11
1642035278177 0.058618538081645966 12
1642035281169 0.05743728578090668 13
1642035284182 0.0573243610560894 14
1642035287167 0.05729932710528374 15
1642035290163 0.05741947144269943 16
1642035293126 0.057125840336084366 17
1642035296089 0.05680941790342331 18
1642035299078 0.056494418531656265 19
1642035302137 0.05554685369133949 20
1642035305159 0.05584339797496796 21
1642035308323 0.05524691566824913 22
1642035311474 0.05510914325714111 23
1642035314589 0.05484199896454811 24
1642035317623 0.055079154670238495 25
1642035320663 0.053967516869306564 26
1642035323692 0.05385676026344299 27
1642035326735 0.054961908608675 28
1642035329781 0.05448602885007858 29
1642035332819 0.05330122634768486 30
1642035335845 0.05300450325012207 31
1642035338996 0.05345827713608742 32
1642035342005 0.05252581462264061 33
1642035345610 0.05354960635304451 34
1642035349130 0.05259048938751221 35
1642035352525 0.052695661783218384 36
1642035355649 0.05181257799267769 37
1642035358664 0.052138857543468475 38
1642035361644 0.052028410136699677 39
