1642021696539 0.843957245349884 0
1642021699739 0.7522399425506592 1
1642021702502 0.709830105304718 2
1642021705305 0.6580982804298401 3
1642021708085 0.6239126920700073 4
1642021710875 0.6082189679145813 5
1642021713648 0.5951579809188843 6
1642021716448 0.5826475024223328 7
1642021719212 0.5827323198318481 8
1642021722033 0.574016273021698 9
1642021724797 0.571546733379364 10
1642021727630 0.5684385299682617 11
1642021730459 0.5627903342247009 12
1642021733235 0.5621766448020935 13
1642021736037 0.5577384233474731 14
1642021738826 0.5574623346328735 15
1642021741644 0.5503804683685303 16
1642021744418 0.5489673018455505 17
1642021747333 0.5444324016571045 18
1642021750180 0.5413792133331299 19
