1642030182597 0.8591314554214478 0
1642030185864 0.7447384595870972 1
1642030188845 0.688315749168396 2
1642030191883 0.6376515030860901 3
1642030194835 0.6183857917785645 4
1642030197890 0.6026424169540405 5
1642030200874 0.5921247601509094 6
1642030203918 0.5825129747390747 7
1642030206897 0.5821012258529663 8
1642030209958 0.5706759095191956 9
1642030212922 0.5668146014213562 10
1642030215877 0.5619866251945496 11
1642030218920 0.5593344569206238 12
1642030221865 0.5556800961494446 13
1642030225033 0.5511471033096313 14
1642030228053 0.5470220446586609 15
1642030231100 0.5474428534507751 16
1642030234037 0.5413504838943481 17
1642030237071 0.5361294746398926 18
1642030240018 0.5339552760124207 19
1642030243118 0.5318613648414612 20
1642030246068 0.530113697052002 21
1642030249111 0.526543915271759 22
1642030252084 0.5231439471244812 23
1642030255142 0.5245524644851685 24
1642030258117 0.5221353769302368 25
1642030261189 0.5156868696212769 26
1642030264143 0.5212283134460449 27
1642030267184 0.5154051184654236 28
1642030270161 0.523618221282959 29
1642030273242 0.5096566081047058 30
1642030276199 0.5155499577522278 31
1642030279230 0.5112744569778442 32
1642030282211 0.499636173248291 33
1642030285294 0.5032676458358765 34
1642030288286 0.503589391708374 35
1642030291337 0.49482080340385437 36
1642030294293 0.49814683198928833 37
1642030297353 0.49458712339401245 38
1642030300323 0.4987691044807434 39
1642030303399 0.4828726649284363 40
1642030306367 0.5107977986335754 41
1642030309437 0.487833172082901 42
1642030312390 0.4837051331996918 43
1642030315463 0.480829119682312 44
1642030318433 0.4792926609516144 45
1642030321525 0.4847898483276367 46
1642030324482 0.47786515951156616 47
1642030327540 0.4776292145252228 48
1642030330513 0.478475421667099 49
1642030333578 0.4755136966705322 50
1642030336527 0.47552597522735596 51
1642030339607 0.4663865268230438 52
1642030342571 0.4755113422870636 53
1642030345626 0.46868768334388733 54
1642030348616 0.46189647912979126 55
1642030351677 0.4579455852508545 56
1642030354647 0.4661944508552551 57
1642030357715 0.4632742702960968 58
1642030360687 0.4618464410305023 59
1642030363766 0.4738364815711975 60
1642030366734 0.4605603814125061 61
1642030369813 0.45584404468536377 62
1642030372752 0.4571584463119507 63
1642030375845 0.45490527153015137 64
1642030378926 0.45160916447639465 65
1642030381922 0.4546074867248535 66
1642030384981 0.447144091129303 67
1642030387958 0.4475800395011902 68
1642030391039 0.4504641592502594 69
1642030394095 0.4449823200702667 70
1642030397090 0.44598817825317383 71
1642030400184 0.4425210952758789 72
1642030403176 0.44195443391799927 73
1642030406268 0.43630948662757874 74
1642030409374 0.4352482557296753 75
1642030412362 0.4346247613430023 76
1642030415443 0.4340742528438568 77
1642030418496 0.43259161710739136 78
1642030421484 0.43423011898994446 79
