1642010468663 0.08816225826740265 0
1642010470596 0.06648791581392288 1
1642010472285 0.06217067688703537 2
1642010473758 0.05882776528596878 3
1642010475218 0.057583972811698914 4
1642010476672 0.056484732776880264 5
1642010478164 0.05618401616811752 6
1642010479626 0.055985648185014725 7
1642010481077 0.054990168660879135 8
1642010482531 0.05421227589249611 9
1642010484005 0.053989067673683167 10
1642010485455 0.053917668759822845 11
1642010486916 0.05292605981230736 12
1642010488354 0.05278089642524719 13
1642010489803 0.05177732929587364 14
1642010491276 0.0519145168364048 15
1642010492741 0.051981329917907715 16
1642010494196 0.05116456001996994 17
1642010495652 0.050757553428411484 18
1642010497134 0.05029376968741417 19
1642010498597 0.04980410635471344 20
1642010500055 0.04979529231786728 21
1642010501507 0.04952686280012131 22
1642010502968 0.048703886568546295 23
1642010504533 0.04863201081752777 24
1642010506212 0.04788632318377495 25
1642010507700 0.047695279121398926 26
1642010509169 0.04744891822338104 27
1642010510628 0.047525908797979355 28
1642010512088 0.046738896518945694 29
1642010513554 0.046514276415109634 30
1642010515010 0.04581501707434654 31
1642010516466 0.045460280030965805 32
1642010517964 0.045180030167102814 33
1642010519416 0.04503178596496582 34
1642010520885 0.044567279517650604 35
1642010522364 0.04489568620920181 36
1642010523824 0.04373950511217117 37
1642010525291 0.04343113303184509 38
1642010526739 0.04301381856203079 39
1642010528187 0.04274499788880348 40
1642010529646 0.04240602254867554 41
1642010531092 0.042197808623313904 42
1642010532552 0.04129848629236221 43
1642010534013 0.042274460196495056 44
1642010535475 0.040839746594429016 45
1642010536960 0.04082911089062691 46
1642010538430 0.040318362414836884 47
1642010539854 0.04067167267203331 48
1642010541319 0.04007212072610855 49
1642010542771 0.03967105597257614 50
1642010544270 0.039742350578308105 51
1642010545735 0.03921688720583916 52
1642010547191 0.038927823305130005 53
1642010548617 0.03893430903553963 54
1642010550080 0.038505490869283676 55
1642010551531 0.03774259239435196 56
1642010552998 0.03678026795387268 57
1642010554461 0.036903299391269684 58
1642010555926 0.03713101148605347 59
1642010557393 0.03719343617558479 60
1642010558852 0.0367722250521183 61
1642010560344 0.036506954580545425 62
1642010561826 0.035517726093530655 63
1642010563297 0.03639906644821167 64
1642010564766 0.03593495488166809 65
1642010566230 0.035332147032022476 66
1642010567686 0.035588085651397705 67
1642010569166 0.035414453595876694 68
1642010570626 0.034434184432029724 69
1642010572098 0.03450872749090195 70
1642010573551 0.034911833703517914 71
1642010575024 0.034502677619457245 72
1642010576512 0.03427622839808464 73
1642010577978 0.03396402671933174 74
1642010579439 0.033436551690101624 75
1642010580928 0.03398514166474342 76
1642010582391 0.033273033797740936 77
1642010583842 0.0328531377017498 78
1642010585323 0.03323856368660927 79
