1642034764088 0.14846348762512207 0
1642034765210 0.08380009233951569 1
1642034766397 0.07500451803207397 2
1642034767527 0.06982120126485825 3
1642034768669 0.06652603298425674 4
1642034769802 0.06425115466117859 5
1642034770942 0.06257261335849762 6
1642034772125 0.061344631016254425 7
1642034773249 0.05937382951378822 8
1642034774424 0.05798595771193504 9
1642034775547 0.05773749575018883 10
1642034776734 0.05785803496837616 11
1642034777855 0.056871701031923294 12
1642034779048 0.05611185356974602 13
1642034780212 0.05537348613142967 14
1642034781352 0.05574126914143562 15
1642034782473 0.055285222828388214 16
1642034783660 0.05502085015177727 17
1642034784841 0.05490228533744812 18
1642034785972 0.05392855033278465 19
1642034787352 0.0543999969959259 20
1642034788706 0.05351409688591957 21
1642034790073 0.05331341177225113 22
1642034791539 0.05293500795960426 23
1642034792843 0.052881985902786255 24
1642034794046 0.05365092679858208 25
1642034795176 0.05270228162407875 26
1642034796293 0.05218769982457161 27
1642034797445 0.05192792788147926 28
1642034798596 0.05183010175824165 29
1642034799731 0.05210810899734497 30
1642034800838 0.05122005194425583 31
1642034802019 0.05122476816177368 32
1642034803160 0.05072195082902908 33
1642034804262 0.05034884065389633 34
1642034805427 0.049980200827121735 35
1642034806597 0.05040888115763664 36
1642034807769 0.05048877000808716 37
1642034808915 0.04970662668347359 38
1642034810051 0.04945835471153259 39
1642034811223 0.048927269876003265 40
1642034812313 0.04893879592418671 41
1642034813459 0.04903777688741684 42
1642034814654 0.04857569932937622 43
1642034815770 0.04821525514125824 44
1642034816971 0.04790304973721504 45
1642034818097 0.04803532734513283 46
1642034819275 0.047521352767944336 47
1642034820394 0.047078315168619156 48
1642034821562 0.04695483297109604 49
1642034822639 0.0466889962553978 50
1642034823801 0.0463152714073658 51
1642034824960 0.04668964445590973 52
1642034826071 0.046013299375772476 53
1642034827272 0.04562656581401825 54
1642034828455 0.04588263854384422 55
1642034829616 0.04505385458469391 56
1642034830798 0.04412508383393288 57
1642034831941 0.04448569938540459 58
1642034833143 0.04426221549510956 59
1642034834387 0.043784249573946 60
1642034835577 0.04366046190261841 61
1642034836759 0.04391496628522873 62
1642034837886 0.042809680104255676 63
1642034839072 0.043276648968458176 64
1642034840197 0.04258362203836441 65
1642034841374 0.042390257120132446 66
1642034842509 0.04211823269724846 67
1642034843654 0.0418996699154377 68
1642034844811 0.041649047285318375 69
1642034845962 0.04153897240757942 70
1642034847089 0.041040144860744476 71
1642034848219 0.04069783166050911 72
1642034849343 0.040917713195085526 73
1642034850467 0.040664710104465485 74
1642034851577 0.04062667116522789 75
1642034852700 0.041019506752491 76
1642034853833 0.040333326905965805 77
1642034854953 0.040568843483924866 78
1642034856140 0.03956613317131996 79
