1642034380343 0.1405419409275055 0
1642034382112 0.07960624992847443 1
1642034383805 0.07272890210151672 2
1642034385699 0.06780990213155746 3
1642034387822 0.06360592693090439 4
1642034389935 0.06302476674318314 5
1642034391919 0.0616396889090538 6
1642034393615 0.060543593019247055 7
1642034395328 0.05905783921480179 8
1642034397042 0.058740392327308655 9
1642034398678 0.057449888437986374 10
1642034400436 0.05694983899593353 11
1642034402165 0.057400673627853394 12
1642034403861 0.05572386085987091 13
1642034405606 0.05511486157774925 14
1642034407342 0.05534815788269043 15
1642034409030 0.054749127477407455 16
1642034410776 0.054945316165685654 17
1642034412473 0.054573167115449905 18
1642034414164 0.054542165249586105 19
1642034415891 0.05444850027561188 20
1642034417636 0.053705114871263504 21
1642034419337 0.05355672165751457 22
1642034421037 0.05317078158259392 23
1642034422754 0.05314556136727333 24
1642034424450 0.05219235271215439 25
1642034426163 0.052094291895627975 26
1642034427872 0.05249778553843498 27
1642034429590 0.05246518552303314 28
1642034431286 0.05220233276486397 29
1642034433020 0.051423002034425735 30
1642034434760 0.05057584121823311 31
1642034436482 0.05105280503630638 32
1642034438180 0.05058955401182175 33
1642034439946 0.05044856294989586 34
1642034441712 0.0502236932516098 35
1642034443458 0.050067875534296036 36
1642034445189 0.04942972585558891 37
1642034446896 0.04883738234639168 38
1642034448580 0.04906776174902916 39
1642034450289 0.04861381649971008 40
1642034452060 0.04911782592535019 41
1642034453769 0.04813236743211746 42
1642034455529 0.04786789417266846 43
1642034457224 0.047910261899232864 44
1642034458949 0.04713737219572067 45
1642034460651 0.04747496172785759 46
1642034462352 0.04668448865413666 47
1642034464061 0.046352311968803406 48
1642034465808 0.04661521315574646 49
1642034467522 0.04617908224463463 50
1642034469198 0.04596328362822533 51
1642034470871 0.0456930547952652 52
1642034472586 0.046002525836229324 53
1642034474286 0.045954037457704544 54
1642034475989 0.04458961635828018 55
1642034477751 0.04530142992734909 56
1642034479457 0.044998638331890106 57
1642034481144 0.04505366086959839 58
1642034482917 0.04439055174589157 59
1642034484617 0.04398177191615105 60
1642034486383 0.04384218156337738 61
1642034488089 0.0431075245141983 62
1642034489826 0.04336192458868027 63
1642034491607 0.0438653901219368 64
1642034493256 0.04257560893893242 65
1642034494904 0.043101247400045395 66
1642034496635 0.04271237179636955 67
1642034498274 0.04253538325428963 68
1642034499996 0.042198315262794495 69
1642034501707 0.042223427444696426 70
1642034503394 0.04163558408617973 71
1642034505094 0.04154851287603378 72
1642034506798 0.041578929871320724 73
1642034508555 0.041515693068504333 74
1642034510254 0.04095613211393356 75
1642034511926 0.04098097234964371 76
1642034513572 0.04135696217417717 77
1642034515292 0.0411931574344635 78
1642034517006 0.040631264448165894 79
1642034518756 0.0408172570168972 80
1642034520481 0.03953003138303757 81
1642034522176 0.04048927128314972 82
1642034523905 0.039410073310136795 83
1642034525605 0.03935346379876137 84
1642034527362 0.03963228687644005 85
1642034529009 0.03963335603475571 86
1642034530734 0.038803424686193466 87
1642034532424 0.038761287927627563 88
1642034534113 0.038366083055734634 89
1642034535873 0.038631636649370193 90
1642034537527 0.03909218683838844 91
1642034539287 0.039144184440374374 92
1642034541033 0.03859420493245125 93
1642034542738 0.04005832597613335 94
1642034544454 0.03801153600215912 95
1642034546253 0.03847912326455116 96
1642034547993 0.03843734413385391 97
1642034549722 0.0381811149418354 98
1642034551474 0.03777512162923813 99
1642034553163 0.037432961165905 100
1642034554871 0.03763902187347412 101
1642034556625 0.03774995729327202 102
1642034558332 0.03648673743009567 103
1642034560027 0.03776108846068382 104
1642034561746 0.03739653155207634 105
1642034563492 0.03701041638851166 106
1642034565223 0.03637576475739479 107
1642034566926 0.036319147795438766 108
1642034568633 0.037005465477705 109
1642034570340 0.03665139153599739 110
1642034572097 0.03628918156027794 111
1642034573851 0.037463828921318054 112
1642034575569 0.03736051544547081 113
1642034577353 0.03587851673364639 114
1642034579006 0.03615487366914749 115
1642034580758 0.035560492426157 116
1642034582472 0.03564675897359848 117
1642034584197 0.036224380135536194 118
1642034585886 0.03535259887576103 119
