1642023876034 0.12533114850521088 0
1642023879330 0.07817311584949493 1
1642023882531 0.07293523102998734 2
1642023885568 0.06787113845348358 3
1642023888630 0.06581595540046692 4
1642023891805 0.06328776478767395 5
1642023894813 0.06131845712661743 6
1642023897919 0.05997606739401817 7
1642023901033 0.059722382575273514 8
1642023904085 0.05910808965563774 9
1642023907171 0.05872049555182457 10
1642023910224 0.058099206537008286 11
1642023913339 0.0578981414437294 12
1642023916351 0.05649559572339058 13
1642023919677 0.05677502602338791 14
1642023922738 0.056289397180080414 15
1642023925717 0.05605461820960045 16
1642023928883 0.05574897304177284 17
1642023931969 0.05581214651465416 18
1642023935100 0.05524769797921181 19
1642023938127 0.05488904193043709 20
1642023941171 0.054680000990629196 21
1642023944297 0.0543307401239872 22
1642023947370 0.05412602052092552 23
1642023950526 0.05456487461924553 24
1642023953561 0.053577739745378494 25
1642023956627 0.05407246947288513 26
1642023959713 0.05364968255162239 27
1642023962744 0.05311210826039314 28
1642023965939 0.05354619771242142 29
1642023968933 0.052948951721191406 30
1642023972083 0.05204552412033081 31
1642023975106 0.05145683512091637 32
1642023978146 0.05152389407157898 33
1642023981236 0.052444882690906525 34
1642023984331 0.05135422199964523 35
1642023987470 0.051520537585020065 36
1642023990502 0.05168186500668526 37
1642023993593 0.05064082145690918 38
1642023996692 0.05112028494477272 39
1642023999663 0.050966497510671616 40
1642024002832 0.05044559761881828 41
1642024005819 0.050484053790569305 42
1642024008901 0.04940388351678848 43
1642024011961 0.049403972923755646 44
1642024015051 0.0494685024023056 45
1642024018203 0.050426188856363297 46
1642024021269 0.04973142594099045 47
1642024024349 0.049588922411203384 48
1642024027477 0.05118114873766899 49
1642024030610 0.04862258583307266 50
1642024033673 0.049157120287418365 51
1642024036784 0.048491135239601135 52
1642024039802 0.04983155056834221 53
1642024042851 0.04909863322973251 54
1642024046033 0.04868357256054878 55
1642024049062 0.048218343406915665 56
1642024052127 0.049041423946619034 57
1642024055255 0.04778854548931122 58
1642024058338 0.049931950867176056 59
1642024061431 0.04880031570792198 60
1642024064450 0.04781687259674072 61
1642024067600 0.047786131501197815 62
1642024070632 0.04686475545167923 63
1642024073771 0.0466906800866127 64
1642024076790 0.04717499762773514 65
1642024079826 0.04662373289465904 66
1642024083043 0.04669594392180443 67
1642024086072 0.04886132851243019 68
1642024089204 0.04556136950850487 69
1642024092271 0.04545966908335686 70
1642024095321 0.046319376677274704 71
1642024098485 0.04574890062212944 72
1642024101535 0.04569397494196892 73
1642024104650 0.045634061098098755 74
1642024107757 0.045453719794750214 75
1642024110860 0.044409237802028656 76
1642024113954 0.05312857776880264 77
1642024116923 0.04757202789187431 78
1642024120090 0.04584672674536705 79
