1642035119847 0.2843756079673767 0
1642035122656 0.0923318937420845 1
1642035125417 0.0819878950715065 2
1642035128121 0.07842844724655151 3
1642035130893 0.0765533298254013 4
1642035133610 0.07490435242652893 5
1642035136426 0.07349041104316711 6
1642035139204 0.07202740013599396 7
1642035142010 0.0712859183549881 8
1642035144759 0.0713687464594841 9
1642035147475 0.0708051323890686 10
1642035150279 0.07033746689558029 11
1642035153244 0.06931668519973755 12
1642035156866 0.0702037438750267 13
1642035160396 0.06844397634267807 14
1642035163097 0.06919693201780319 15
1642035165848 0.06623601913452148 16
1642035168568 0.0672067329287529 17
1642035171399 0.06710193306207657 18
1642035174076 0.06635171175003052 19
1642035176806 0.06667045503854752 20
1642035179605 0.06726173311471939 21
1642035182441 0.06601014733314514 22
1642035185203 0.06565281003713608 23
1642035187905 0.06640690565109253 24
1642035190699 0.06681971997022629 25
1642035193458 0.0653519257903099 26
1642035196313 0.06583794951438904 27
1642035198959 0.06588007509708405 28
1642035201775 0.06528181582689285 29
1642035204513 0.06531321257352829 30
1642035207253 0.06472235918045044 31
1642035210141 0.06551483273506165 32
1642035212960 0.06624850630760193 33
1642035215702 0.06615570187568665 34
1642035218445 0.0662563368678093 35
1642035221234 0.06510520726442337 36
1642035223956 0.06502598524093628 37
1642035226685 0.06487380713224411 38
1642035229431 0.06498730182647705 39
