1642009929098 0.08317872136831284 0
1642009931824 0.06353588402271271 1
1642009934438 0.06108397990465164 2
1642009937099 0.05847560986876488 3
1642009939749 0.05722798779606819 4
1642009942409 0.05675731226801872 5
1642009945053 0.05657779797911644 6
1642009947739 0.05526921898126602 7
1642009950367 0.05503165349364281 8
1642009953052 0.05436212569475174 9
1642009955696 0.053900983184576035 10
1642009958359 0.053912203758955 11
1642009960997 0.053170036524534225 12
1642009963980 0.053166791796684265 13
1642009966654 0.05240413174033165 14
1642009969306 0.052286818623542786 15
1642009971966 0.051386166363954544 16
1642009974738 0.05135217681527138 17
1642009977457 0.05080161616206169 18
1642009980121 0.05034041032195091 19
1642009982818 0.05006443336606026 20
1642009985459 0.0495431162416935 21
1642009988197 0.048931367695331573 22
1642009990841 0.048672400414943695 23
1642009993555 0.04846339672803879 24
1642009996457 0.048777785152196884 25
1642009999412 0.04815465211868286 26
1642010002323 0.04760725423693657 27
1642010005291 0.0474853515625 28
1642010008115 0.04677804931998253 29
1642010011076 0.04667667672038078 30
1642010014740 0.04600897431373596 31
1642010018181 0.0463663674890995 32
1642010021114 0.045830853283405304 33
1642010024127 0.045634523034095764 34
1642010027206 0.04515960067510605 35
1642010030092 0.04441210255026817 36
1642010032877 0.0444401390850544 37
1642010035731 0.04409511014819145 38
1642010038667 0.04405376315116882 39
1642010041528 0.04318026453256607 40
1642010044453 0.04301171749830246 41
1642010047454 0.04273860901594162 42
1642010050471 0.042484182864427567 43
1642010053430 0.0422036349773407 44
1642010056227 0.04198572412133217 45
1642010059190 0.04136078804731369 46
1642010062117 0.04180034622550011 47
1642010065044 0.04078828543424606 48
1642010067907 0.04094703868031502 49
1642010071014 0.040644895285367966 50
1642010073988 0.04016653448343277 51
1642010076810 0.039818115532398224 52
1642010079690 0.0402446947991848 53
1642010082767 0.03987905755639076 54
1642010085695 0.03915439918637276 55
1642010088767 0.038809165358543396 56
1642010091760 0.03911157324910164 57
1642010094717 0.039151377975940704 58
1642010097522 0.03855685144662857 59
1642010100412 0.03762955591082573 60
1642010103395 0.037984203547239304 61
1642010106320 0.03758528456091881 62
1642010109146 0.037389885634183884 63
1642010112058 0.038257185369729996 64
1642010114849 0.036696404218673706 65
1642010117824 0.036656904965639114 66
1642010120715 0.036267444491386414 67
1642010123593 0.03732439503073692 68
1642010126404 0.036572832614183426 69
1642010129223 0.03599482402205467 70
1642010132073 0.036070436239242554 71
1642010134904 0.0355776771903038 72
1642010137838 0.034858230501413345 73
1642010140845 0.03560367599129677 74
1642010143734 0.03543820604681969 75
1642010146641 0.035643767565488815 76
1642010149443 0.03523753583431244 77
1642010152277 0.034891996532678604 78
1642010155753 0.03507835417985916 79
