1641957428573 0.07462000846862793 0
1641957430010 0.07115443795919418 1
1641957431400 0.07078877091407776 2
1641957432783 0.0700400248169899 3
1641957434158 0.0704045295715332 4
1641957435557 0.07015693932771683 5
1641957436925 0.06989245861768723 6
1641957438320 0.0694446861743927 7
1641957439673 0.06924238055944443 8
1641957441013 0.06933632493019104 9
1641957442364 0.06937578320503235 10
1641957443708 0.0686236172914505 11
1641957445107 0.06881978362798691 12
1641957446449 0.06915974617004395 13
1641957447857 0.06873910129070282 14
1641957449234 0.06855399161577225 15
1641957450592 0.06857389956712723 16
1641957451978 0.0684719905257225 17
1641957453352 0.06831306219100952 18
1641957454745 0.0685352012515068 19
1641957456101 0.0686810240149498 20
1641957457504 0.06830491125583649 21
1641957458845 0.06865585595369339 22
1641957460247 0.0682811588048935 23
1641957461602 0.0682704746723175 24
1641957463145 0.06837829947471619 25
1641957464546 0.06854450702667236 26
1641957465948 0.0682537630200386 27
1641957467294 0.06812548637390137 28
1641957468713 0.06848911195993423 29
1641957470100 0.06837750971317291 30
1641957471464 0.0680946484208107 31
1641957472810 0.06814517080783844 32
1641957474219 0.06834927201271057 33
1641957475566 0.06828945130109787 34
1641957476972 0.06786122918128967 35
1641957478321 0.06821189075708389 36
1641957479738 0.06799106299877167 37
1641957481097 0.06811591237783432 38
1641957482519 0.06815839558839798 39
