1642034593720 0.3976849317550659 0
1642034594563 0.11974275857210159 1
1642034595489 0.09564605355262756 2
1642034596356 0.08849750459194183 3
1642034597235 0.08404894173145294 4
1642034598077 0.07974429428577423 5
1642034598908 0.07814354449510574 6
1642034599779 0.07661127299070358 7
1642034600679 0.07526034861803055 8
1642034601492 0.07492368668317795 9
1642034602364 0.07407937943935394 10
1642034603302 0.0726020336151123 11
1642034604109 0.07166336476802826 12
1642034605050 0.07055163383483887 13
1642034605931 0.06968783587217331 14
1642034606791 0.06834855675697327 15
1642034607643 0.06741409003734589 16
1642034608545 0.06658373773097992 17
1642034609581 0.06681040674448013 18
1642034610643 0.06613646447658539 19
1642034611755 0.06549754738807678 20
1642034612832 0.06520973891019821 21
1642034613935 0.06514698266983032 22
1642034614851 0.0643775463104248 23
1642034615855 0.063207246363163 24
1642034616719 0.06378345191478729 25
1642034617584 0.06378111988306046 26
1642034618440 0.06255968660116196 27
1642034619303 0.06357891112565994 28
1642034620162 0.06287037581205368 29
1642034621016 0.061329636722803116 30
1642034621889 0.06210876628756523 31
1642034622742 0.06191376596689224 32
1642034623604 0.06065734475851059 33
1642034624515 0.061289288103580475 34
1642034625403 0.06098145619034767 35
1642034626310 0.060731615871191025 36
1642034627172 0.060998380184173584 37
1642034628088 0.059920769184827805 38
1642034628949 0.06009039282798767 39
