1642022972320 0.6614678502082825 0
1642022973361 0.5717177391052246 1
1642022974420 0.5404495596885681 2
1642022975387 0.5293012261390686 3
1642022976281 0.5171769261360168 4
1642022977207 0.5002593398094177 5
1642022978067 0.49875643849372864 6
1642022978983 0.48334774374961853 7
1642022979897 0.47872495651245117 8
1642022980790 0.4644881784915924 9
1642022981658 0.45787563920021057 10
1642022982569 0.44449231028556824 11
1642022983478 0.4386855959892273 12
1642022984378 0.42563867568969727 13
1642022985285 0.41180598735809326 14
1642022986176 0.39472275972366333 15
1642022987052 0.3857690095901489 16
1642022987960 0.37491461634635925 17
1642022988869 0.3596552610397339 18
1642022989779 0.3497699499130249 19
1642022990690 0.3288293480873108 20
1642022991589 0.3158292770385742 21
1642022992474 0.3104688823223114 22
1642022993383 0.29664698243141174 23
1642022994350 0.28330302238464355 24
1642022995259 0.2717001140117645 25
1642022996165 0.2572256624698639 26
1642022997072 0.24732567369937897 27
1642022997944 0.233803391456604 28
1642022998856 0.2225668877363205 29
1642022999762 0.21557791531085968 30
1642023000672 0.20370516180992126 31
1642023001566 0.19982434809207916 32
1642023002436 0.19146256148815155 33
1642023003345 0.18476201593875885 34
1642023004260 0.18160943686962128 35
1642023005171 0.16634215414524078 36
1642023006081 0.16504567861557007 37
1642023006976 0.15646466612815857 38
1642023007889 0.15341462194919586 39
