1641939031626 0.23532171547412872 0
1641939032185 0.1037418395280838 1
1641939032734 0.08362891525030136 2
1641939033276 0.08026422560214996 3
1641939033861 0.0767769068479538 4
1641939034411 0.07222150266170502 5
1641939034916 0.07648874074220657 6
1641939035506 0.0712367370724678 7
1641939035993 0.07694878429174423 8
1641939036447 0.06245782598853111 9
1641939036941 0.057741060853004456 10
1641939037385 0.05558450147509575 11
1641939037867 0.055812329053878784 12
1641939038318 0.05507237836718559 13
1641939038801 0.054369643330574036 14
1641939039240 0.05539204552769661 15
1641939039739 0.05364609137177467 16
1641939040176 0.051650822162628174 17
1641939040656 0.05347777158021927 18
1641939041097 0.05301342159509659 19
1641939041586 0.05327875167131424 20
1641939042057 0.054000020027160645 21
1641939042520 0.052954282611608505 22
1641939043006 0.05145956948399544 23
1641939043450 0.05198398232460022 24
1641939043937 0.051313433796167374 25
1641939044374 0.05030381307005882 26
1641939044865 0.04996742680668831 27
1641939045313 0.05023758485913277 28
1641939045794 0.04953653737902641 29
1641939046231 0.04947080835700035 30
1641939046721 0.0496823713183403 31
1641939047205 0.04993389919400215 32
1641939047671 0.05019174888730049 33
1641939048140 0.05010335519909859 34
1641939048601 0.0496760718524456 35
1641939049063 0.04878028482198715 36
1641939049553 0.04821070656180382 37
1641939049995 0.047251392155885696 38
1641939050482 0.0469651035964489 39
1641939050974 0.048133041709661484 40
1641939051422 0.047897789627313614 41
1641939051909 0.0470154844224453 42
1641939052353 0.04738947004079819 43
1641939052839 0.04886854812502861 44
1641939053314 0.046510059386491776 45
1641939053776 0.046042535454034805 46
1641939054261 0.046364396810531616 47
1641939054707 0.04583919048309326 48
1641939055201 0.04580866917967796 49
1641939055644 0.04737931117415428 50
1641939056121 0.045736800879240036 51
1641939056570 0.046256594359874725 52
1641939057060 0.046177059412002563 53
1641939057496 0.04511365294456482 54
1641939057992 0.04508686810731888 55
1641939058429 0.04492952302098274 56
1641939058929 0.04441433772444725 57
1641939059402 0.04495357722043991 58
1641939059850 0.04562441632151604 59
1641939060308 0.045464880764484406 60
1641939060803 0.04388310760259628 61
1641939061291 0.043655093759298325 62
1641939061730 0.04339958354830742 63
1641939062220 0.0429951436817646 64
1641939062668 0.04337587580084801 65
1641939063151 0.04405691847205162 66
1641939063589 0.04361927509307861 67
1641939064087 0.04404458776116371 68
1641939064529 0.04214353486895561 69
1641939065009 0.043568577617406845 70
1641939065451 0.04176512360572815 71
1641939065938 0.04223218932747841 72
1641939066385 0.04328864440321922 73
1641939066883 0.04217246174812317 74
1641939067420 0.04209599271416664 75
1641939067874 0.04180825874209404 76
1641939068431 0.04199974238872528 77
1641939068942 0.04320479556918144 78
1641939069436 0.04059387370944023 79
1641939069918 0.04196981340646744 80
1641939070359 0.0413268618285656 81
1641939070856 0.04091012105345726 82
1641939071301 0.04091721773147583 83
1641939071790 0.04056871309876442 84
1641939072289 0.03991372883319855 85
1641939072735 0.04047797992825508 86
1641939073227 0.04101376608014107 87
1641939073723 0.04009454324841499 88
1641939074164 0.04050770774483681 89
1641939074648 0.03958897665143013 90
1641939075126 0.03933366388082504 91
1641939075591 0.0408141165971756 92
1641939076082 0.03995150700211525 93
1641939076526 0.03964856639504433 94
1641939077018 0.03882792592048645 95
1641939077478 0.0388961099088192 96
1641939077968 0.03989873453974724 97
1641939078457 0.039256028831005096 98
1641939078908 0.038618303835392 99
1641939079391 0.03876448795199394 100
1641939079873 0.038761526346206665 101
1641939080328 0.03863932192325592 102
1641939080815 0.038038138300180435 103
1641939081267 0.03816657513380051 104
1641939081751 0.03801057115197182 105
1641939082236 0.03793290629982948 106
1641939082722 0.037367794662714005 107
1641939083172 0.03763538599014282 108
1641939083660 0.039693433791399 109
1641939084137 0.03891553729772568 110
1641939084583 0.038765307515859604 111
1641939085074 0.036295536905527115 112
1641939085519 0.03629529848694801 113
1641939086003 0.0372246615588665 114
1641939086443 0.03661945089697838 115
1641939086936 0.037454258650541306 116
1641939087373 0.038136836141347885 117
1641939087866 0.03669339045882225 118
1641939088339 0.03638968616724014 119
