1642024337585 0.07381440699100494 0
1642024339241 0.058052998036146164 1
1642024340996 0.05500981584191322 2
1642024342542 0.05460114777088165 3
1642024343939 0.05286652594804764 4
1642024345363 0.052065204828977585 5
1642024346841 0.051573462784290314 6
1642024348315 0.05068012326955795 7
1642024349643 0.050163306295871735 8
1642024351085 0.04887913167476654 9
1642024352553 0.048002827912569046 10
1642024353962 0.047434981912374496 11
1642024355429 0.04599839076399803 12
1642024356813 0.04539431631565094 13
1642024358288 0.04458622261881828 14
1642024359750 0.043581489473581314 15
1642024361153 0.042080290615558624 16
1642024362609 0.041056837886571884 17
1642024364080 0.04004562273621559 18
1642024365556 0.0387221984565258 19
1642024366871 0.03781799599528313 20
1642024368342 0.03688406944274902 21
1642024369833 0.03549283370375633 22
1642024371306 0.034376110881567 23
1642024372697 0.032929811626672745 24
1642024374200 0.032301243394613266 25
1642024375676 0.030850432813167572 26
1642024377073 0.03019690327346325 27
1642024378519 0.029186490923166275 28
1642024379995 0.028702521696686745 29
1642024381424 0.02767152711749077 30
1642024382790 0.026844685897231102 31
1642024384246 0.025421690195798874 32
1642024385779 0.024937719106674194 33
1642024387261 0.02482352964580059 34
1642024388615 0.023432668298482895 35
1642024390281 0.02313344180583954 36
1642024391843 0.022485598921775818 37
1642024393237 0.02200469560921192 38
1642024394660 0.021011823788285255 39
1642024396140 0.021829891949892044 40
1642024397620 0.020530816167593002 41
1642024398932 0.020231956616044044 42
1642024400371 0.0201617032289505 43
1642024401898 0.0185614712536335 44
1642024403360 0.018278896808624268 45
1642024404771 0.01783430203795433 46
1642024406245 0.017984604462981224 47
1642024407702 0.018029969185590744 48
1642024409050 0.017122097313404083 49
1642024410534 0.01733102649450302 50
1642024412022 0.01692843623459339 51
1642024413489 0.016331244260072708 52
1642024414817 0.01619837060570717 53
1642024416291 0.016428468748927116 54
1642024417792 0.015867827460169792 55
1642024419190 0.014627452939748764 56
1642024420595 0.014605662785470486 57
1642024422021 0.014907834120094776 58
1642024423486 0.01587531715631485 59
1642024424832 0.014801666140556335 60
1642024426259 0.013856329955160618 61
1642024427740 0.014468137174844742 62
1642024429221 0.013456949032843113 63
1642024430529 0.014716357924044132 64
1642024432028 0.01429662574082613 65
1642024433506 0.01347267534583807 66
1642024434937 0.013558425009250641 67
1642024436338 0.012506832368671894 68
1642024437769 0.012923183850944042 69
1642024439240 0.012617351487278938 70
1642024440628 0.01237610075622797 71
1642024442047 0.01246424950659275 72
1642024443527 0.012424365617334843 73
1642024444993 0.011689544655382633 74
1642024446297 0.012643647380173206 75
1642024447796 0.013547057285904884 76
1642024449274 0.011392557062208652 77
1642024450754 0.010676059871912003 78
1642024452167 0.01147752720862627 79
