1642021407948 0.6684563755989075 0
1642021410966 0.5774596929550171 1
1642021413886 0.5523658394813538 2
1642021416563 0.5402160286903381 3
1642021419268 0.5276276469230652 4
1642021421835 0.5198221802711487 5
1642021424409 0.5107190012931824 6
1642021426978 0.5054087042808533 7
1642021429545 0.4955803155899048 8
1642021432285 0.4880218803882599 9
1642021435066 0.47910016775131226 10
1642021437955 0.46821069717407227 11
1642021440762 0.46133145689964294 12
1642021443349 0.45485013723373413 13
1642021445922 0.43999403715133667 14
1642021448644 0.4306294322013855 15
1642021451430 0.42622146010398865 16
1642021454097 0.4112689793109894 17
1642021457089 0.4004460871219635 18
1642021459723 0.39371922612190247 19
