1641955155127 0.07287947088479996 0
1641955157438 0.059174586087465286 1
1641955159814 0.05675526708364487 2
1641955162130 0.055560555309057236 3
1641955164636 0.054321546107530594 4
1641955167071 0.053848035633563995 5
1641955169722 0.05253516882658005 6
1641955172246 0.052035894244909286 7
1641955174602 0.05141415446996689 8
1641955176995 0.05078480765223503 9
1641955179385 0.05038486793637276 10
1641955181674 0.04925357550382614 11
1641955183965 0.048578374087810516 12
1641955186261 0.047663670033216476 13
1641955188780 0.04661037027835846 14
1641955191140 0.045697253197431564 15
1641955193444 0.04526778683066368 16
1641955195737 0.04411572217941284 17
1641955198117 0.04343707114458084 18
1641955200430 0.04278434067964554 19
