1642023015371 0.8480191826820374 0
1642023016611 0.7503706216812134 1
1642023017833 0.7155579924583435 2
1642023018877 0.6707424521446228 3
1642023019944 0.635116696357727 4
1642023020950 0.6056694984436035 5
1642023022019 0.5923641920089722 6
1642023023031 0.5807494521141052 7
1642023024106 0.5787112712860107 8
1642023025178 0.5639614462852478 9
1642023026165 0.5520377159118652 10
1642023027262 0.5537845492362976 11
1642023028294 0.5435630679130554 12
1642023029326 0.5413689017295837 13
1642023030392 0.5409935712814331 14
1642023031398 0.5364258885383606 15
1642023032483 0.5330928564071655 16
1642023033549 0.5302863121032715 17
1642023034610 0.5257489681243896 18
1642023035677 0.5229586958885193 19
1642023036679 0.5208545923233032 20
1642023037753 0.518492579460144 21
1642023038817 0.5140097141265869 22
1642023039872 0.5121356844902039 23
1642023040940 0.515473484992981 24
1642023041944 0.5023757219314575 25
1642023043046 0.5033083558082581 26
1642023044120 0.49883532524108887 27
1642023045165 0.49667468667030334 28
1642023046249 0.4935927093029022 29
1642023047280 0.49408572912216187 30
1642023048369 0.49108949303627014 31
1642023049443 0.48600855469703674 32
1642023050500 0.4842676818370819 33
1642023051575 0.47944822907447815 34
1642023052616 0.4725162386894226 35
1642023053702 0.47778239846229553 36
1642023054762 0.4666895568370819 37
1642023055818 0.4670201539993286 38
1642023056853 0.4675801694393158 39
