1641957361059 0.07560309022665024 0
1641957362607 0.07169604301452637 1
1641957364034 0.06990081071853638 2
1641957365364 0.06979868561029434 3
1641957366669 0.07018623501062393 4
1641957368020 0.0698208436369896 5
1641957369348 0.06953363865613937 6
1641957370660 0.06983301788568497 7
1641957372011 0.06952622532844543 8
1641957373338 0.06946463882923126 9
1641957374670 0.06892164051532745 10
1641957375986 0.06921087950468063 11
1641957377332 0.0687427893280983 12
1641957378661 0.06885429471731186 13
1641957379969 0.06863165646791458 14
1641957381255 0.06892035901546478 15
1641957382610 0.0690842941403389 16
1641957383942 0.06880325824022293 17
1641957385248 0.06844396144151688 18
1641957386600 0.06859693676233292 19
