1642037420112 0.4799608588218689 0
1642037421028 0.13608428835868835 1
1642037421935 0.11003625392913818 2
1642037422794 0.095435731112957 3
1642037423559 0.0864844098687172 4
1642037424263 0.08334769308567047 5
1642037424972 0.08072415739297867 6
1642037425678 0.07797840982675552 7
1642037426391 0.07645319402217865 8
1642037427101 0.07497841119766235 9
1642037427809 0.07426611334085464 10
1642037428522 0.07244718819856644 11
1642037429236 0.072198785841465 12
1642037429946 0.07118568569421768 13
1642037430648 0.07036122679710388 14
1642037431357 0.07004754990339279 15
1642037432068 0.06870410591363907 16
1642037432775 0.06837908923625946 17
1642037433481 0.06803761422634125 18
1642037434193 0.06776396930217743 19
1642037434901 0.06680070608854294 20
1642037435612 0.06678508967161179 21
1642037436325 0.06573797017335892 22
1642037437038 0.06567718088626862 23
1642037437752 0.06535985320806503 24
1642037438461 0.06593461334705353 25
1642037439169 0.06523896753787994 26
1642037439878 0.06409388035535812 27
1642037440591 0.0641552209854126 28
1642037441298 0.06391339004039764 29
1642037442012 0.06364216655492783 30
1642037442723 0.06282814592123032 31
1642037443434 0.06359492242336273 32
1642037444139 0.06241055205464363 33
1642037444847 0.06290596723556519 34
1642037445558 0.06224726140499115 35
1642037446271 0.062219347804784775 36
1642037446980 0.06208547577261925 37
1642037447686 0.06277533620595932 38
1642037448394 0.061651553958654404 39
1642037449099 0.061869118362665176 40
1642037449809 0.06116533651947975 41
1642037450518 0.06102462485432625 42
1642037451229 0.061060432344675064 43
1642037451959 0.06070324033498764 44
1642037452667 0.06027383357286453 45
1642037453374 0.06087830662727356 46
1642037454077 0.06081540882587433 47
1642037454786 0.06012914702296257 48
1642037455511 0.059520527720451355 49
1642037456296 0.05964510515332222 50
1642037457070 0.05991136655211449 51
1642037457835 0.05970684438943863 52
1642037458541 0.06009558588266373 53
1642037459258 0.05936643108725548 54
1642037459963 0.058963432908058167 55
1642037460670 0.0592304989695549 56
1642037461377 0.05898864567279816 57
1642037462088 0.05942428857088089 58
1642037462798 0.05889643728733063 59
1642037463504 0.05871433764696121 60
1642037464209 0.058231670409440994 61
1642037464917 0.05845671147108078 62
1642037465629 0.05865459144115448 63
1642037466339 0.05789823830127716 64
1642037467057 0.0582721047103405 65
1642037467770 0.05797966942191124 66
1642037468474 0.057770561426877975 67
1642037469180 0.05750364810228348 68
1642037469888 0.05795857310295105 69
1642037470596 0.05786985903978348 70
1642037471309 0.05718284100294113 71
1642037472020 0.05710709095001221 72
1642037472728 0.056956738233566284 73
1642037473431 0.05804603174328804 74
1642037474139 0.057174619287252426 75
1642037474846 0.056877125054597855 76
1642037475552 0.05712426081299782 77
1642037476264 0.05670679733157158 78
1642037476965 0.05688266083598137 79
1642037477674 0.05624382197856903 80
1642037478381 0.055942561477422714 81
1642037479087 0.05623548850417137 82
1642037479791 0.056525811553001404 83
1642037480498 0.05661406368017197 84
1642037481207 0.05607142671942711 85
1642037481910 0.056466441601514816 86
1642037482613 0.056256480515003204 87
1642037483320 0.055736493319272995 88
1642037484031 0.0554644800722599 89
1642037484740 0.055405378341674805 90
1642037485447 0.055317141115665436 91
1642037486155 0.0556882843375206 92
1642037486863 0.05527867004275322 93
1642037487571 0.05460185930132866 94
1642037488278 0.054586268961429596 95
1642037488984 0.05471370741724968 96
1642037489693 0.054502934217453 97
1642037490400 0.054328471422195435 98
1642037491109 0.0543372742831707 99
1642037491818 0.054556071758270264 100
1642037492520 0.05482316017150879 101
1642037493224 0.053920190781354904 102
1642037493932 0.05307459086179733 103
1642037494637 0.053467489778995514 104
1642037495343 0.05391194671392441 105
1642037496050 0.054501499980688095 106
1642037496756 0.05323222652077675 107
1642037497469 0.0532936230301857 108
1642037498175 0.0538807287812233 109
1642037498881 0.05388130992650986 110
1642037499589 0.05347934737801552 111
1642037500294 0.05382228642702103 112
1642037500999 0.05289880558848381 113
1642037501705 0.0529213510453701 114
1642037502409 0.05279000848531723 115
1642037503119 0.052078913897275925 116
1642037503831 0.05238812416791916 117
1642037504538 0.052698634564876556 118
1642037505242 0.05230432748794556 119
