1642031830763 1.0891869068145752 0
1642031831693 0.8077720403671265 1
1642031832659 0.7696583271026611 2
1642031833693 0.747534453868866 3
1642031834565 0.7295143008232117 4
1642031835487 0.6912964582443237 5
1642031836277 0.6796131134033203 6
1642031837027 0.6697478890419006 7
1642031837819 0.6585221290588379 8
1642031838614 0.6457281112670898 9
1642031839405 0.6411755084991455 10
1642031840144 0.6337733268737793 11
1642031840934 0.6289965510368347 12
1642031841729 0.6183432936668396 13
1642031842466 0.6168537735939026 14
1642031843260 0.6207070350646973 15
1642031844059 0.6117166876792908 16
1642031844853 0.6184999942779541 17
1642031845652 0.6071319580078125 18
1642031846412 0.5995433926582336 19
1642031847205 0.6058542132377625 20
1642031848008 0.6018573641777039 21
1642031848766 0.5925929546356201 22
1642031849556 0.5893856883049011 23
1642031850353 0.5905239582061768 24
1642031851130 0.5893577933311462 25
1642031851890 0.581479549407959 26
1642031852670 0.5814869403839111 27
1642031853464 0.5815582275390625 28
1642031854259 0.5758717060089111 29
1642031855045 0.5779146552085876 30
1642031855792 0.5745570063591003 31
1642031856587 0.575971245765686 32
1642031857381 0.5692605376243591 33
1642031858125 0.5698992013931274 34
1642031858916 0.573311448097229 35
1642031859714 0.5707457065582275 36
1642031860506 0.5670114159584045 37
1642031861300 0.5689824223518372 38
1642031862096 0.5609292387962341 39
