1642008906130 0.6589171290397644 0
1642008907728 0.5687760710716248 1
1642008909236 0.5436794757843018 2
1642008910453 0.532447338104248 3
1642008911679 0.5206933617591858 4
1642008912976 0.5153845548629761 5
1642008914201 0.5031163692474365 6
1642008915424 0.49545589089393616 7
1642008916648 0.49077898263931274 8
1642008917889 0.4816499352455139 9
1642008919130 0.47257059812545776 10
1642008920355 0.46000227332115173 11
1642008921580 0.46082639694213867 12
1642008922798 0.4471840560436249 13
1642008924047 0.4344465434551239 14
1642008925277 0.4243626296520233 15
1642008926513 0.41293859481811523 16
1642008927735 0.4055179953575134 17
1642008928984 0.3949156105518341 18
1642008930203 0.3815593719482422 19
1642008931428 0.3745439052581787 20
1642008932648 0.35946303606033325 21
1642008933922 0.34814906120300293 22
1642008935154 0.3404421806335449 23
1642008936381 0.3232322931289673 24
1642008937607 0.3141302764415741 25
1642008938859 0.306958943605423 26
1642008940090 0.2994104325771332 27
1642008941306 0.2916370630264282 28
1642008942516 0.27649495005607605 29
1642008943750 0.27102720737457275 30
1642008944972 0.26293689012527466 31
1642008946199 0.25763967633247375 32
1642008947422 0.2539103329181671 33
1642008948644 0.24585455656051636 34
1642008949975 0.23955202102661133 35
1642008951385 0.22629433870315552 36
1642008952629 0.22191932797431946 37
1642008953875 0.2134130746126175 38
1642008955135 0.20945295691490173 39
1642008956353 0.20474256575107574 40
1642008957566 0.2090013176202774 41
1642008958799 0.19952049851417542 42
1642008960035 0.2011670470237732 43
1642008961260 0.18841949105262756 44
1642008962468 0.18764403462409973 45
1642008963685 0.18512871861457825 46
1642008964925 0.18328239023685455 47
1642008966144 0.18179073929786682 48
1642008967364 0.17004454135894775 49
1642008968586 0.16709861159324646 50
1642008969870 0.1684914529323578 51
1642008971089 0.16750970482826233 52
1642008972328 0.1570563167333603 53
1642008973551 0.16150057315826416 54
1642008974795 0.15969806909561157 55
1642008976010 0.14995233714580536 56
1642008977228 0.15991255640983582 57
1642008978447 0.14769425988197327 58
1642008979682 0.14514070749282837 59
1642008980908 0.14565041661262512 60
1642008982137 0.145342156291008 61
1642008983361 0.14633572101593018 62
1642008984591 0.13929365575313568 63
1642008985869 0.14207185804843903 64
1642008987092 0.13723307847976685 65
1642008988312 0.13233785331249237 66
1642008989543 0.13180886209011078 67
1642008990781 0.13760031759738922 68
1642008992010 0.12896130979061127 69
1642008993232 0.12192211300134659 70
1642008994466 0.1289220005273819 71
1642008995701 0.13069787621498108 72
1642008996929 0.12430021166801453 73
1642008998155 0.12562112510204315 74
1642008999398 0.12132719159126282 75
1642009000680 0.12198446691036224 76
1642009001916 0.12484060972929001 77
1642009003139 0.11745989322662354 78
1642009004362 0.12602826952934265 79
