1642037336743 0.1443541795015335 0
1642037337958 0.08284024894237518 1
1642037339104 0.0761215090751648 2
1642037340159 0.07157952338457108 3
1642037341123 0.06856036931276321 4
1642037342111 0.06648843735456467 5
1642037343079 0.0644209161400795 6
1642037344045 0.06203319877386093 7
1642037345006 0.06123574450612068 8
1642037345970 0.06012464314699173 9
1642037346934 0.058784037828445435 10
1642037347902 0.05909596011042595 11
1642037348870 0.05758434161543846 12
1642037349842 0.05724143609404564 13
1642037350821 0.056747399270534515 14
1642037351794 0.05666814371943474 15
1642037352757 0.056400228291749954 16
1642037353726 0.0560348704457283 17
1642037354702 0.05573565140366554 18
1642037355673 0.05567256733775139 19
1642037356655 0.05527476966381073 20
1642037357623 0.05528216063976288 21
1642037358586 0.054667916148900986 22
1642037359557 0.053935617208480835 23
1642037360526 0.054230306297540665 24
1642037361491 0.05432044714689255 25
1642037362457 0.05395030975341797 26
1642037363423 0.053448840975761414 27
1642037364390 0.05316959321498871 28
1642037365358 0.052736636251211166 29
1642037366322 0.05277523025870323 30
1642037367290 0.05279437080025673 31
1642037368254 0.051994986832141876 32
1642037369222 0.0517248809337616 33
1642037370185 0.051169637590646744 34
1642037371153 0.05091889947652817 35
1642037372152 0.05092070251703262 36
1642037373141 0.05047944560647011 37
1642037374130 0.050438039004802704 38
1642037375097 0.049885090440511703 39
1642037376068 0.04935276508331299 40
1642037377038 0.04928485304117203 41
1642037377999 0.04884706810116768 42
1642037378968 0.04867679625749588 43
1642037379939 0.04878555238246918 44
1642037380927 0.04816262051463127 45
1642037381940 0.047909222543239594 46
1642037382930 0.04772953316569328 47
1642037383895 0.0472605898976326 48
1642037384866 0.04715288057923317 49
1642037385832 0.046387944370508194 50
1642037386796 0.04648331180214882 51
1642037387754 0.045823678374290466 52
1642037388719 0.045759644359350204 53
1642037389687 0.04537777602672577 54
1642037390657 0.04534132406115532 55
1642037391622 0.04512510076165199 56
1642037392586 0.04525579512119293 57
1642037393556 0.04411951079964638 58
1642037394525 0.04447844997048378 59
1642037395500 0.04408130794763565 60
1642037396469 0.043878018856048584 61
1642037397434 0.04324575513601303 62
1642037398404 0.04390396550297737 63
1642037399370 0.04279198870062828 64
1642037400336 0.04282886162400246 65
1642037401300 0.04196539521217346 66
1642037402269 0.04248914495110512 67
1642037403239 0.042371924966573715 68
1642037404206 0.0415184423327446 69
1642037405173 0.04181824252009392 70
1642037406140 0.0411754734814167 71
1642037407103 0.04117439687252045 72
1642037408066 0.04027692601084709 73
1642037409032 0.0410686731338501 74
1642037409998 0.03950832411646843 75
1642037410961 0.040708575397729874 76
1642037411927 0.03971847891807556 77
1642037412894 0.03932445868849754 78
1642037413852 0.039368100464344025 79
