1642009506943 0.07410357147455215 0
1642009509503 0.06002890691161156 1
1642009511878 0.05658917501568794 2
1642009514216 0.05480090156197548 3
1642009516551 0.05473996698856354 4
1642009518979 0.05312301591038704 5
1642009521335 0.052619077265262604 6
1642009523692 0.05204545333981514 7
1642009526050 0.05142123997211456 8
1642009528483 0.05057055875658989 9
1642009530830 0.04979543387889862 10
1642009533240 0.048962440341711044 11
1642009535585 0.04847234860062599 12
1642009537949 0.047591812908649445 13
1642009540373 0.0470527783036232 14
1642009542841 0.04576703906059265 15
1642009545195 0.045243844389915466 16
1642009547564 0.04360052943229675 17
1642009550062 0.04351305589079857 18
1642009552452 0.04238612949848175 19
1642009554832 0.041371770203113556 20
1642009557197 0.04058842733502388 21
1642009559570 0.0400485135614872 22
1642009561915 0.038744304329156876 23
1642009564317 0.038856033235788345 24
1642009566655 0.037649426609277725 25
1642009569067 0.03715053200721741 26
1642009571411 0.03589832782745361 27
1642009573823 0.03539246693253517 28
1642009576167 0.03473765030503273 29
1642009578574 0.03363403305411339 30
1642009581025 0.03292803466320038 31
1642009583421 0.032292865216732025 32
1642009585779 0.031581975519657135 33
1642009588167 0.03131762892007828 34
1642009590556 0.03040303662419319 35
1642009592904 0.03042631782591343 36
1642009595370 0.029227199032902718 37
1642009597717 0.029171137139201164 38
1642009600146 0.027809565886855125 39
