1642036512350 0.2641010880470276 0
1642036513790 0.09469734877347946 1
1642036515119 0.08485494554042816 2
1642036516280 0.0785580649971962 3
1642036517412 0.07632698118686676 4
1642036518534 0.07490582019090652 5
1642036519675 0.07273995876312256 6
1642036520833 0.0711919292807579 7
1642036521962 0.07013297826051712 8
1642036523089 0.06805987656116486 9
1642036524218 0.06861221045255661 10
1642036525342 0.06648263335227966 11
1642036526498 0.06560315936803818 12
1642036527632 0.06540552526712418 13
1642036528757 0.06646544486284256 14
1642036529898 0.06555025279521942 15
1642036531055 0.06392020732164383 16
1642036532187 0.06388634443283081 17
1642036533325 0.06441361457109451 18
1642036534457 0.06412702798843384 19
1642036535596 0.06337227672338486 20
1642036536757 0.06275282055139542 21
1642036537888 0.062416207045316696 22
1642036539021 0.0616290457546711 23
1642036540241 0.062014270573854446 24
1642036541432 0.0621776357293129 25
1642036542570 0.0616878978908062 26
1642036543704 0.062080495059490204 27
1642036544837 0.061206042766571045 28
1642036545971 0.06127358600497246 29
1642036547144 0.06092235818505287 30
1642036548313 0.06078873574733734 31
1642036549484 0.060809437185525894 32
1642036550644 0.0600070022046566 33
1642036551796 0.060429491102695465 34
1642036552924 0.060075726360082626 35
1642036554060 0.060587078332901 36
1642036555192 0.060903150588274 37
1642036556343 0.05986347794532776 38
1642036557476 0.05942218750715256 39
