1642032562508 0.35036134719848633 0
1642032565574 0.09475792944431305 1
1642032568211 0.08291632682085037 2
1642032570787 0.07879128307104111 3
1642032573431 0.07675827294588089 4
1642032576008 0.07594800740480423 5
1642032578634 0.0743778869509697 6
1642032581220 0.0721062421798706 7
1642032583860 0.07163723558187485 8
1642032586433 0.07080572843551636 9
1642032589079 0.07080404460430145 10
1642032591655 0.06956363469362259 11
1642032594308 0.06776893883943558 12
1642032596878 0.0670105516910553 13
1642032599524 0.06670624017715454 14
1642032602096 0.06707219779491425 15
1642032604682 0.06670673191547394 16
1642032607317 0.06517978012561798 17
1642032609938 0.06495106220245361 18
1642032612577 0.06480996310710907 19
1642032615361 0.06463075429201126 20
1642032617980 0.06314735859632492 21
1642032620569 0.06490033864974976 22
1642032623215 0.06523387879133224 23
1642032625791 0.06399849057197571 24
1642032628417 0.06307103484869003 25
1642032631051 0.06333279609680176 26
1642032633638 0.06267683207988739 27
1642032636239 0.06337884813547134 28
1642032638906 0.06220965459942818 29
1642032641531 0.061401911079883575 30
1642032644147 0.06352575868368149 31
1642032646843 0.062371138483285904 32
1642032649457 0.0624718964099884 33
1642032652139 0.06311085820198059 34
1642032654729 0.061200451105833054 35
1642032657412 0.061923518776893616 36
1642032660043 0.06230352073907852 37
1642032662706 0.060515835881233215 38
1642032665349 0.062127020210027695 39
1642032668041 0.06128089874982834 40
1642032670667 0.061197176575660706 41
1642032673374 0.06043156236410141 42
1642032675997 0.06175865978002548 43
1642032678686 0.0609254464507103 44
1642032681306 0.060313768684864044 45
1642032683982 0.06074219197034836 46
1642032686686 0.06148147955536842 47
1642032689306 0.06131559982895851 48
1642032691992 0.06530269235372543 49
1642032694594 0.06250487267971039 50
1642032697279 0.06112469732761383 51
1642032699912 0.06223684549331665 52
1642032702615 0.0610300712287426 53
1642032705275 0.0617569237947464 54
1642032707893 0.059881407767534256 55
1642032710585 0.06092524528503418 56
1642032713209 0.06085323169827461 57
1642032715890 0.060511477291584015 58
1642032718500 0.06086202710866928 59
1642032721109 0.06045973300933838 60
1642032723729 0.060167886316776276 61
1642032726503 0.06060933321714401 62
1642032729173 0.06041588634252548 63
1642032731879 0.061217065900564194 64
1642032734594 0.06031978502869606 65
1642032737326 0.0657312422990799 66
1642032739946 0.060021430253982544 67
1642032742627 0.060484450310468674 68
1642032745303 0.06067570671439171 69
1642032747971 0.06013365089893341 70
1642032750643 0.05990476906299591 71
1642032753261 0.06079744175076485 72
1642032755886 0.0592128150165081 73
1642032758565 0.059772178530693054 74
1642032761247 0.062358975410461426 75
1642032763873 0.060517292469739914 76
1642032766549 0.05973301827907562 77
1642032769253 0.061540938913822174 78
1642032771865 0.05992314964532852 79
