1642031215777 1.087630033493042 0
1642031217415 0.7952857613563538 1
1642031219002 0.7593985795974731 2
1642031220397 0.7407808303833008 3
1642031221684 0.7242237329483032 4
1642031222959 0.6952182650566101 5
1642031224243 0.6854686141014099 6
1642031225526 0.6694288849830627 7
1642031226809 0.6675798892974854 8
1642031228089 0.6558128595352173 9
1642031229376 0.6443203091621399 10
1642031230626 0.6362470984458923 11
1642031231901 0.6299774646759033 12
1642031233196 0.6298016905784607 13
1642031234439 0.6306316256523132 14
1642031235716 0.6202236413955688 15
1642031236995 0.6185382604598999 16
1642031238273 0.6107536554336548 17
1642031239547 0.609578549861908 18
1642031240827 0.6051974892616272 19
1642031242110 0.6051363348960876 20
1642031243387 0.6018305420875549 21
1642031244670 0.6031427979469299 22
1642031245959 0.5987182855606079 23
1642031247274 0.5961242914199829 24
1642031248549 0.5947895646095276 25
1642031249827 0.5950073003768921 26
1642031251104 0.5899487137794495 27
1642031252337 0.5922828912734985 28
1642031253633 0.5824763774871826 29
1642031254916 0.585925817489624 30
1642031256202 0.5840896368026733 31
1642031257494 0.5811566710472107 32
1642031258775 0.5808777809143066 33
1642031260131 0.5793049931526184 34
1642031261521 0.5783922672271729 35
1642031262824 0.5839172601699829 36
1642031264110 0.5791788697242737 37
1642031265406 0.5733060240745544 38
1642031266686 0.5632174015045166 39
1642031267972 0.5780381560325623 40
1642031269242 0.5707159042358398 41
1642031270532 0.573050320148468 42
1642031271806 0.5706192255020142 43
1642031273104 0.5658866167068481 44
1642031274345 0.5664914846420288 45
1642031275630 0.5656644701957703 46
1642031276914 0.5691823959350586 47
1642031278219 0.5648937225341797 48
1642031279509 0.5624867081642151 49
1642031280796 0.5605572462081909 50
1642031282087 0.5598018169403076 51
1642031283374 0.5594338774681091 52
1642031284673 0.5551891922950745 53
1642031285957 0.5520789623260498 54
1642031287249 0.5554051995277405 55
1642031288543 0.5519283413887024 56
1642031289820 0.5576032400131226 57
1642031291108 0.5527360439300537 58
1642031292407 0.5604548454284668 59
1642031293695 0.5518646240234375 60
1642031294978 0.5552427768707275 61
1642031296236 0.5545004606246948 62
1642031297532 0.5425171256065369 63
1642031298831 0.5492841005325317 64
1642031300119 0.5432402491569519 65
1642031301418 0.5398585200309753 66
1642031302712 0.5450839996337891 67
1642031304005 0.5366366505622864 68
1642031305304 0.5422540903091431 69
1642031306589 0.5482441186904907 70
1642031307902 0.538780689239502 71
1642031309178 0.5427433252334595 72
1642031310474 0.5358268618583679 73
1642031311748 0.5396982431411743 74
1642031313050 0.5400697588920593 75
1642031314335 0.5284220576286316 76
1642031315609 0.5345032215118408 77
1642031316904 0.5367847084999084 78
1642031318199 0.5368760824203491 79
