1641956558268 0.07522950321435928 0
1641956560956 0.07080644369125366 1
1641956563464 0.07032333314418793 2
1641956566083 0.07003416866064072 3
1641956568635 0.06986488401889801 4
1641956571191 0.06993146240711212 5
1641956573751 0.0695032998919487 6
1641956576297 0.06943679600954056 7
1641956578849 0.06895308941602707 8
1641956581413 0.06916948407888412 9
1641956583982 0.06897766143083572 10
1641956586604 0.06892937421798706 11
1641956589171 0.06874946504831314 12
1641956591763 0.06877027451992035 13
1641956594473 0.06866826117038727 14
1641956597042 0.06852978467941284 15
1641956599615 0.06876305490732193 16
1641956602184 0.06890038400888443 17
1641956604742 0.06861214339733124 18
1641956607301 0.06845028698444366 19
