1641956674902 0.07577209174633026 0
1641956677516 0.07143811136484146 1
1641956680033 0.07028185576200485 2
1641956682552 0.06964436173439026 3
1641956685074 0.06999598443508148 4
1641956687575 0.06921878457069397 5
1641956690111 0.06952451169490814 6
1641956692611 0.06915795803070068 7
1641956695125 0.06908407807350159 8
1641956697699 0.06859767436981201 9
1641956700208 0.06898944079875946 10
1641956702722 0.06879068911075592 11
1641956705229 0.06858682632446289 12
1641956707736 0.06866218894720078 13
1641956710447 0.06866081804037094 14
1641956712969 0.06873898208141327 15
1641956715523 0.06872297823429108 16
1641956718044 0.06868616491556168 17
1641956720549 0.06846967339515686 18
1641956723065 0.06845647096633911 19
1641956725582 0.06851335614919662 20
1641956728095 0.06851950287818909 21
1641956730597 0.0683751106262207 22
1641956733100 0.06857901811599731 23
1641956735613 0.06842586398124695 24
1641956738152 0.06854972243309021 25
1641956740715 0.06860210001468658 26
1641956743234 0.06841486692428589 27
1641956745736 0.06850290298461914 28
1641956748258 0.06831423938274384 29
1641956750819 0.06828980147838593 30
1641956753333 0.06848052144050598 31
1641956755838 0.06825518608093262 32
1641956758363 0.06828674674034119 33
1641956760895 0.06837177276611328 34
1641956763400 0.06828800588846207 35
1641956765964 0.06830348074436188 36
1641956768471 0.06823528558015823 37
1641956770996 0.06828269362449646 38
1641956773516 0.06811688840389252 39
