1641936205272 0.08246681094169617 0
1641936207492 0.06188592314720154 1
1641936209530 0.05846623703837395 2
1641936211578 0.05710921064019203 3
1641936213602 0.0559740886092186 4
1641936215698 0.05475685000419617 5
1641936217736 0.054825183004140854 6
1641936219759 0.053900714963674545 7
1641936221785 0.05271183326840401 8
1641936223857 0.052113331854343414 9
1641936225884 0.051258254796266556 10
1641936227914 0.05038663372397423 11
1641936229938 0.04954009875655174 12
1641936231959 0.048790328204631805 13
1641936234048 0.04797622188925743 14
1641936236077 0.04726426675915718 15
1641936238115 0.04610418155789375 16
1641936240255 0.04494873434305191 17
1641936242402 0.04421994462609291 18
1641936244424 0.04287472367286682 19
1641936246449 0.04216007888317108 20
1641936248520 0.041577134281396866 21
1641936250549 0.040457744151353836 22
1641936252577 0.039361193776130676 23
1641936254590 0.03854475915431976 24
1641936256628 0.03749428316950798 25
1641936258719 0.036256417632102966 26
1641936260780 0.03604767844080925 27
1641936262814 0.03456735238432884 28
1641936264869 0.033913083374500275 29
1641936266945 0.032965242862701416 30
1641936268954 0.03222944959998131 31
1641936270987 0.03163064271211624 32
1641936273017 0.030718600377440453 33
1641936275073 0.030267776921391487 34
1641936277119 0.029755132272839546 35
1641936279147 0.029741870239377022 36
1641936281176 0.028024956583976746 37
1641936283255 0.02794913947582245 38
1641936285292 0.026622002944350243 39
1641936287325 0.026281222701072693 40
1641936289367 0.026399923488497734 41
1641936291431 0.02617357298731804 42
1641936293477 0.026328852400183678 43
1641936295528 0.024607880041003227 44
1641936297561 0.024165134876966476 45
1641936299641 0.02390887588262558 46
1641936301692 0.023820221424102783 47
1641936303812 0.023675700649619102 48
1641936305895 0.02656371332705021 49
1641936307931 0.02275276742875576 50
1641936309972 0.02187359519302845 51
1641936312005 0.022237861528992653 52
1641936314094 0.021665574982762337 53
1641936316110 0.021395796909928322 54
1641936318144 0.02099459245800972 55
1641936320236 0.021012891083955765 56
1641936322282 0.020528284832835197 57
1641936324327 0.020570967346429825 58
1641936326361 0.020072506740689278 59
1641936328441 0.020167699083685875 60
1641936330467 0.01955246552824974 61
1641936332515 0.0200092401355505 62
1641936334593 0.020020924508571625 63
1641936336637 0.018837839365005493 64
1641936338669 0.01897880993783474 65
1641936340747 0.018948601558804512 66
1641936342777 0.018643397837877274 67
1641936344959 0.01807202398777008 68
1641936347195 0.018236050382256508 69
1641936349467 0.018477631732821465 70
1641936351624 0.017485586926341057 71
1641936353670 0.01765887625515461 72
1641936355736 0.01768409088253975 73
1641936357798 0.017639707773923874 74
1641936359844 0.016964782029390335 75
1641936361946 0.01684694178402424 76
1641936363986 0.01710452511906624 77
1641936366018 0.016810934990644455 78
1641936368113 0.01588977500796318 79
