1641938908150 0.08813048899173737 0
1641938908838 0.06303510069847107 1
1641938909538 0.057135242968797684 2
1641938910314 0.0552264042198658 3
1641938910991 0.052601806819438934 4
1641938911709 0.051211580634117126 5
1641938912463 0.050522513687610626 6
1641938913121 0.04891593009233475 7
1641938913725 0.04799026995897293 8
1641938914371 0.047103919088840485 9
1641938915012 0.04661025106906891 10
1641938915639 0.04578745365142822 11
1641938916286 0.04432860389351845 12
1641938916934 0.04336626082658768 13
1641938917547 0.04286542162299156 14
1641938918190 0.04106002673506737 15
1641938918802 0.04026994854211807 16
1641938919449 0.039718084037303925 17
1641938920063 0.03853827342391014 18
1641938920707 0.037587519735097885 19
1641938921311 0.035573966801166534 20
1641938921964 0.035632744431495667 21
1641938922567 0.03448469191789627 22
1641938923212 0.03520023450255394 23
1641938923831 0.034021928906440735 24
1641938924479 0.03200380504131317 25
1641938925125 0.031048882752656937 26
1641938925732 0.03085527941584587 27
1641938926371 0.0298503078520298 28
1641938926976 0.02899511717259884 29
1641938927625 0.02847844548523426 30
1641938928229 0.027609117329120636 31
1641938928880 0.026832979172468185 32
1641938929520 0.026425210759043694 33
1641938930133 0.025193678215146065 34
1641938930776 0.025483479723334312 35
1641938931415 0.024429120123386383 36
1641938932037 0.023278264328837395 37
1641938932662 0.023943036794662476 38
1641938933289 0.022666137665510178 39
1641938933935 0.02234063856303692 40
1641938934538 0.021694574505090714 41
1641938935189 0.021685976535081863 42
1641938935798 0.02072908915579319 43
1641938936438 0.020286954939365387 44
1641938937036 0.01984274573624134 45
1641938937687 0.019500000402331352 46
1641938938331 0.019352152943611145 47
1641938938937 0.018718840554356575 48
1641938939575 0.0185345821082592 49
1641938940206 0.018594644963741302 50
1641938940826 0.01800725981593132 51
1641938941476 0.016857383772730827 52
1641938942119 0.017176510766148567 53
1641938942731 0.016904689371585846 54
1641938943381 0.016386866569519043 55
1641938944096 0.01622246392071247 56
1641938944728 0.015474152751266956 57
1641938945433 0.01616736501455307 58
1641938946176 0.01611926034092903 59
1641938946841 0.015755122527480125 60
1641938947486 0.014870470389723778 61
1641938948138 0.015251307748258114 62
1641938948769 0.014819836243987083 63
1641938949382 0.01502583734691143 64
1641938950034 0.015752535313367844 65
1641938950636 0.013901899568736553 66
1641938951285 0.014013467356562614 67
1641938951935 0.014113601297140121 68
1641938952591 0.01366366632282734 69
1641938953196 0.013576260767877102 70
1641938953848 0.0138819245621562 71
1641938954455 0.013755572028458118 72
1641938955114 0.013277821242809296 73
1641938955756 0.013226754032075405 74
1641938956361 0.012597945518791676 75
1641938957009 0.012165550142526627 76
1641938957613 0.012719768099486828 77
1641938958253 0.012861567549407482 78
1641938958906 0.013315901160240173 79
