1641956331304 0.0914023220539093 0
1641956332182 0.06646119058132172 1
1641956333053 0.06153637170791626 2
1641956333855 0.05899951234459877 3
1641956334653 0.05784378945827484 4
1641956335487 0.05645718798041344 5
1641956336280 0.05573510751128197 6
1641956337112 0.05489861220121384 7
1641956337908 0.05424974486231804 8
1641956338740 0.053496360778808594 9
1641956339537 0.05288874730467796 10
1641956340377 0.05223676189780235 11
1641956341168 0.052643515169620514 12
1641956342004 0.05221348628401756 13
1641956342794 0.051744647324085236 14
1641956343629 0.05118682235479355 15
1641956344420 0.0510711744427681 16
1641956345254 0.05037980526685715 17
1641956346044 0.050328612327575684 18
1641956346840 0.05025466904044151 19
