1642034208873 0.33159875869750977 0
1642034210626 0.10489349812269211 1
1642034212317 0.08709130436182022 2
1642034213759 0.08104037493467331 3
1642034215072 0.07743678241968155 4
1642034216500 0.07578373700380325 5
1642034217861 0.07451663911342621 6
1642034219212 0.07276637107133865 7
1642034220543 0.0715925469994545 8
1642034221905 0.06966796517372131 9
1642034223262 0.06902679055929184 10
1642034224635 0.06738727539777756 11
1642034225933 0.06691519170999527 12
1642034227291 0.06591304391622543 13
1642034228715 0.0649338960647583 14
1642034230011 0.06454645097255707 15
1642034231420 0.06445950269699097 16
1642034232808 0.06378386169672012 17
1642034234167 0.06413789838552475 18
1642034235469 0.0637795552611351 19
1642034236855 0.06280600279569626 20
1642034238172 0.06266787648200989 21
1642034239529 0.062086138874292374 22
1642034240874 0.06221277266740799 23
1642034242203 0.062274619936943054 24
1642034243686 0.061709143221378326 25
1642034245046 0.06286252290010452 26
1642034246466 0.06113794818520546 27
1642034247786 0.061487939208745956 28
1642034249151 0.0612829215824604 29
1642034250506 0.06173517182469368 30
1642034251887 0.06100991368293762 31
1642034253303 0.06063977628946304 32
1642034254791 0.06108631566166878 33
1642034256160 0.06057361885905266 34
1642034257521 0.06040600314736366 35
1642034258864 0.06126406043767929 36
1642034260314 0.061497461050748825 37
1642034261677 0.060019951313734055 38
1642034263091 0.06060153990983963 39
1642034264526 0.060563620179891586 40
1642034265973 0.060498371720314026 41
1642034267374 0.060858104377985 42
1642034268655 0.05996471643447876 43
1642034270022 0.05980914831161499 44
1642034271421 0.05955367162823677 45
1642034272828 0.05981495603919029 46
1642034274201 0.059021417051553726 47
1642034275530 0.059098806232213974 48
1642034276925 0.05836440995335579 49
1642034278294 0.05806657299399376 50
1642034279685 0.05886926129460335 51
1642034281060 0.05883976072072983 52
1642034282437 0.058730773627758026 53
1642034283791 0.058227911591529846 54
1642034285210 0.05897040292620659 55
1642034286523 0.058801937848329544 56
1642034287914 0.058250296860933304 57
1642034289232 0.05874266475439072 58
1642034290557 0.05818713828921318 59
1642034291949 0.05761780962347984 60
1642034293315 0.057471610605716705 61
1642034294667 0.05760880932211876 62
1642034296117 0.0575542114675045 63
1642034297511 0.05758937820792198 64
1642034298840 0.05840001255273819 65
1642034300229 0.058201733976602554 66
1642034301560 0.05850383639335632 67
1642034302921 0.05652168020606041 68
1642034304320 0.05786960572004318 69
1642034305668 0.05767175927758217 70
1642034307049 0.05799688771367073 71
1642034308465 0.05719370022416115 72
1642034309795 0.056467004120349884 73
1642034311174 0.056566912680864334 74
1642034312491 0.05668593570590019 75
1642034313891 0.0565100833773613 76
1642034315217 0.05648496001958847 77
1642034316584 0.05641958490014076 78
1642034317908 0.056858647614717484 79
1642034319269 0.05612514913082123 80
1642034320647 0.05611066520214081 81
1642034321983 0.05680282413959503 82
1642034323395 0.05667779594659805 83
1642034324710 0.05672423169016838 84
1642034326093 0.05622481927275658 85
1642034327480 0.05665235593914986 86
1642034328844 0.05658750236034393 87
1642034330209 0.055835165083408356 88
1642034331552 0.05692194402217865 89
1642034333003 0.057062335312366486 90
1642034334361 0.056287407875061035 91
1642034335722 0.056097064167261124 92
1642034337030 0.055805835872888565 93
1642034338469 0.055577706545591354 94
1642034339858 0.05611535161733627 95
1642034341218 0.05566997826099396 96
1642034342602 0.055420469492673874 97
1642034343916 0.05595564469695091 98
1642034345288 0.05558448284864426 99
1642034346622 0.055702049285173416 100
1642034348056 0.05548444017767906 101
1642034349441 0.05583565682172775 102
1642034350797 0.05566927418112755 103
1642034352198 0.0553552471101284 104
1642034353524 0.05587054789066315 105
1642034354852 0.055095694959163666 106
1642034356234 0.05472385510802269 107
1642034357621 0.05578572303056717 108
1642034359047 0.05540739744901657 109
1642034360406 0.054934896528720856 110
1642034361795 0.054656174033880234 111
1642034363172 0.054271504282951355 112
1642034364492 0.0539509542286396 113
1642034365805 0.054299674928188324 114
1642034367198 0.05479065328836441 115
1642034368611 0.05517750605940819 116
1642034369944 0.054731585085392 117
1642034371329 0.05459504574537277 118
1642034372720 0.05477794632315636 119
