1642033059085 0.2772035598754883 0
1642033062344 0.09018980711698532 1
1642033065143 0.0807190090417862 2
1642033067943 0.07841753214597702 3
1642033070761 0.07641946524381638 4
1642033073565 0.07500046491622925 5
1642033076346 0.07365111261606216 6
1642033079126 0.07143902033567429 7
1642033081926 0.07018592208623886 8
1642033084758 0.06889844685792923 9
1642033087502 0.06854266673326492 10
1642033090293 0.06691545993089676 11
1642033093094 0.0676436796784401 12
1642033095902 0.06592600792646408 13
1642033098699 0.06686641275882721 14
1642033101555 0.06694246828556061 15
1642033104471 0.06646490842103958 16
1642033107255 0.06465401500463486 17
1642033110080 0.064751997590065 18
1642033112949 0.063618503510952 19
1642033115745 0.06344613432884216 20
1642033118470 0.06301551312208176 21
1642033121280 0.06277231872081757 22
1642033124088 0.06272265315055847 23
1642033126878 0.061861004680395126 24
1642033129606 0.061924535781145096 25
1642033132392 0.06220652908086777 26
1642033135177 0.06278412789106369 27
1642033137971 0.06295596063137054 28
1642033140770 0.06228923797607422 29
1642033143541 0.0625704973936081 30
1642033146319 0.062050484120845795 31
1642033149093 0.06246042251586914 32
1642033151889 0.0613243505358696 33
1642033154676 0.06239224970340729 34
1642033157478 0.06113511323928833 35
1642033160299 0.060651883482933044 36
1642033163106 0.06127731129527092 37
1642033165873 0.06184384599328041 38
1642033168592 0.06094898656010628 39
1642033171489 0.06040278449654579 40
1642033174282 0.06140860542654991 41
1642033177072 0.06015896052122116 42
1642033179873 0.06047241389751434 43
1642033182656 0.0603935606777668 44
1642033185409 0.060714032500982285 45
1642033188145 0.06105579808354378 46
1642033190943 0.06150772050023079 47
1642033193733 0.06118388473987579 48
1642033196498 0.060870975255966187 49
1642033199303 0.06035137549042702 50
1642033202022 0.060082003474235535 51
1642033204815 0.060624346137046814 52
1642033207599 0.060087818652391434 53
1642033210400 0.06005578488111496 54
1642033213203 0.06036471948027611 55
1642033216004 0.06017221882939339 56
1642033218818 0.059859130531549454 57
1642033221684 0.060258977115154266 58
1642033224486 0.05953463912010193 59
1642033227306 0.05999133735895157 60
1642033230030 0.060484904795885086 61
1642033232811 0.06017659977078438 62
1642033235596 0.05972503498196602 63
1642033238376 0.059730179607868195 64
1642033241161 0.060238808393478394 65
1642033244033 0.06059882044792175 66
1642033246889 0.06060928478837013 67
1642033249683 0.06041036546230316 68
1642033252442 0.060247115790843964 69
1642033255247 0.06185270845890045 70
1642033258124 0.059000108391046524 71
1642033260917 0.059683907777071 72
1642033263715 0.0599004365503788 73
1642033266514 0.05924873426556587 74
1642033269297 0.060195017606019974 75
1642033272087 0.0594479963183403 76
1642033274901 0.06033647805452347 77
1642033277777 0.060190990567207336 78
1642033280597 0.06084691360592842 79
1642033283375 0.05863816291093826 80
1642033286166 0.05885116383433342 81
1642033288991 0.05980100482702255 82
1642033291852 0.05799982324242592 83
1642033294617 0.060567017644643784 84
1642033297444 0.059876322746276855 85
1642033300257 0.06110187619924545 86
1642033303061 0.059039145708084106 87
1642033305957 0.05981452763080597 88
1642033308760 0.059191301465034485 89
1642033311545 0.058931782841682434 90
1642033314363 0.05879613757133484 91
1642033317156 0.05946453660726547 92
1642033319955 0.05848272144794464 93
1642033322738 0.0587325394153595 94
1642033325515 0.05973971262574196 95
1642033328380 0.059626296162605286 96
1642033331205 0.059557460248470306 97
1642033333995 0.05907153710722923 98
1642033336815 0.060325365513563156 99
1642033339659 0.06001514568924904 100
1642033342456 0.05889846011996269 101
1642033345253 0.05977585166692734 102
1642033348121 0.05853651091456413 103
1642033350929 0.05852266773581505 104
1642033353736 0.05915455520153046 105
1642033356532 0.058892086148262024 106
1642033359334 0.060022324323654175 107
1642033362130 0.05948927626013756 108
1642033364927 0.05869510397315025 109
1642033367649 0.059301260858774185 110
1642033370458 0.05866369605064392 111
1642033373259 0.05797022953629494 112
1642033376116 0.058205049484968185 113
1642033378886 0.05786002054810524 114
1642033381696 0.05853651836514473 115
1642033384522 0.05854393541812897 116
1642033387377 0.05911150574684143 117
1642033390187 0.0592719241976738 118
1642033392993 0.059425242245197296 119
