1642022531959 0.6599937677383423 0
1642022533843 0.5651761293411255 1
1642022535584 0.5449038743972778 2
1642022537121 0.5322850942611694 3
1642022538602 0.5197281241416931 4
1642022540094 0.5099390149116516 5
1642022541568 0.5056023597717285 6
1642022543016 0.4933980703353882 7
1642022544524 0.48753365874290466 8
1642022546094 0.47687527537345886 9
1642022547573 0.4696400761604309 10
1642022549159 0.4553394317626953 11
1642022550678 0.4468393325805664 12
1642022552129 0.43981531262397766 13
1642022553593 0.4296812415122986 14
1642022555120 0.415387898683548 15
1642022556633 0.40227141976356506 16
1642022558172 0.391912043094635 17
1642022559700 0.37379157543182373 18
1642022561203 0.36363503336906433 19
1642022562685 0.35701441764831543 20
1642022564132 0.3424350917339325 21
1642022565634 0.3252433240413666 22
1642022567161 0.31332966685295105 23
1642022568650 0.300964891910553 24
1642022570141 0.29455530643463135 25
1642022571637 0.28114402294158936 26
1642022573122 0.27077171206474304 27
1642022574561 0.2597445547580719 28
1642022576068 0.24932797253131866 29
1642022577588 0.24393543601036072 30
1642022579082 0.2381386160850525 31
1642022580591 0.22535616159439087 32
1642022582119 0.23054936528205872 33
1642022583555 0.2125893235206604 34
1642022585082 0.20926955342292786 35
1642022586550 0.20231637358665466 36
1642022588061 0.19774147868156433 37
1642022589530 0.19101424515247345 38
1642022591004 0.1816886067390442 39
