1641940946555 0.1060531958937645 0
1641940949690 0.06764361262321472 1
1641940952591 0.06166132166981697 2
1641940955207 0.05961821973323822 3
1641940957919 0.059274036437273026 4
1641940960600 0.05857252702116966 5
1641940963243 0.057602327316999435 6
1641940965921 0.05729737505316734 7
1641940968757 0.05668629705905914 8
1641940971429 0.05642439052462578 9
1641940974212 0.0559178963303566 10
1641940976881 0.05543694645166397 11
1641940979631 0.05505598708987236 12
1641940982416 0.05467168614268303 13
1641940985306 0.053802650421857834 14
1641940988062 0.05333574488759041 15
1641940990742 0.052410319447517395 16
1641940993432 0.05302383005619049 17
1641940996092 0.052368827164173126 18
1641940998772 0.05220630392432213 19
1641941001499 0.05181946977972984 20
1641941004085 0.05092160776257515 21
1641941006698 0.05094580724835396 22
1641941009378 0.05041345953941345 23
1641941012042 0.04960698261857033 24
1641941014835 0.04999886453151703 25
1641941017512 0.04904249683022499 26
1641941020265 0.048340827226638794 27
1641941023021 0.04898728430271149 28
1641941025726 0.04751262068748474 29
1641941028517 0.04709399864077568 30
1641941031207 0.047137849032878876 31
1641941034017 0.04627927020192146 32
1641941036691 0.04601990431547165 33
1641941039392 0.045475978404283524 34
1641941042129 0.04487498104572296 35
1641941044828 0.04452720284461975 36
1641941047487 0.0444580614566803 37
1641941050185 0.04497693106532097 38
1641941052950 0.04382022097706795 39
1641941055576 0.043033018708229065 40
1641941058371 0.04375845566391945 41
1641941061036 0.04249383881688118 42
1641941063786 0.042413897812366486 43
1641941066472 0.04197295755147934 44
1641941069193 0.04146338254213333 45
1641941071871 0.04106219485402107 46
1641941074522 0.04140022024512291 47
1641941077238 0.04082375764846802 48
1641941079879 0.03995766118168831 49
1641941082479 0.04051191359758377 50
1641941085257 0.03996064141392708 51
1641941087970 0.04071788489818573 52
1641941090630 0.03935566917061806 53
1641941093305 0.03957054391503334 54
1641941095959 0.03891410306096077 55
1641941098657 0.03790159896016121 56
1641941101317 0.03854864463210106 57
1641941104020 0.03813926875591278 58
1641941106683 0.03749369457364082 59
1641941109311 0.03765806555747986 60
1641941112086 0.03761306777596474 61
1641941114892 0.03787580132484436 62
1641941117636 0.03679025173187256 63
1641941120335 0.03664668649435043 64
1641941122941 0.03632025048136711 65
1641941125631 0.03622833266854286 66
1641941128370 0.03561713173985481 67
1641941131083 0.035470277070999146 68
1641941133786 0.03581694886088371 69
1641941136489 0.03555024415254593 70
1641941139106 0.03523276001214981 71
1641941141755 0.03525867313146591 72
1641941144551 0.03484119102358818 73
1641941147216 0.0344398096203804 74
1641941149898 0.03460313007235527 75
1641941152577 0.03449416905641556 76
1641941155295 0.03422629460692406 77
1641941158019 0.0334618054330349 78
1641941160679 0.03351318836212158 79
1641941163396 0.03370695561170578 80
1641941166084 0.033029332756996155 81
1641941168798 0.033229224383831024 82
1641941171442 0.033420611172914505 83
1641941174169 0.033250048756599426 84
1641941176998 0.032283127307891846 85
1641941179634 0.032740674912929535 86
1641941182306 0.032333388924598694 87
1641941184966 0.03290235251188278 88
1641941187664 0.03237394988536835 89
1641941190293 0.031721822917461395 90
1641941193000 0.031330406665802 91
1641941195711 0.03154057264328003 92
1641941198351 0.03235771879553795 93
1641941201060 0.03179975971579552 94
1641941203824 0.031127942726016045 95
1641941206496 0.0309198796749115 96
1641941209264 0.03142985701560974 97
1641941211858 0.03082999214529991 98
1641941214517 0.030729103833436966 99
1641941217081 0.03052879497408867 100
1641941219782 0.030087782070040703 101
1641941222433 0.030435066670179367 102
1641941225185 0.029947057366371155 103
1641941227889 0.03008386120200157 104
1641941230624 0.03026891127228737 105
1641941233339 0.029561350122094154 106
1641941236030 0.029411576688289642 107
1641941238709 0.029786447063088417 108
1641941241437 0.030113400891423225 109
1641941244072 0.029280416667461395 110
1641941246673 0.02959602326154709 111
1641941249301 0.029906556010246277 112
1641941251985 0.03023373708128929 113
1641941254655 0.028758348897099495 114
1641941257367 0.029116682708263397 115
1641941260009 0.02860407531261444 116
1641941262720 0.029278185218572617 117
1641941265335 0.028669161722064018 118
1641941268015 0.029595457017421722 119
