1642034976366 0.16119347512722015 0
1642034977497 0.08136157691478729 1
1642034978591 0.07517952471971512 2
1642034979696 0.07070381939411163 3
1642034980821 0.06731536239385605 4
1642034981987 0.06433963030576706 5
1642034983141 0.06347416341304779 6
1642034984259 0.06125832721590996 7
1642034985404 0.05981781706213951 8
1642034986510 0.059232551604509354 9
1642034987650 0.05843271687626839 10
1642034988764 0.057676006108522415 11
1642034989923 0.05733724683523178 12
1642034991028 0.056945472955703735 13
1642034992130 0.056134629994630814 14
1642034993231 0.05556153878569603 15
1642034994339 0.05593733489513397 16
1642034995454 0.05517878755927086 17
1642034996584 0.0548616424202919 18
1642034997711 0.05535593628883362 19
1642034998872 0.05386674404144287 20
1642034999963 0.053951166570186615 21
1642035001078 0.05403547361493111 22
1642035002221 0.05390893295407295 23
1642035003338 0.05358806252479553 24
1642035004453 0.053889982402324677 25
1642035005549 0.05321161448955536 26
1642035006659 0.052914656698703766 27
1642035007812 0.05271782726049423 28
1642035009175 0.05276842042803764 29
1642035010574 0.05205680429935455 30
1642035011930 0.05186737701296806 31
1642035013285 0.051432982087135315 32
1642035014623 0.05123400315642357 33
1642035015874 0.05140363797545433 34
1642035016951 0.050945233553647995 35
1642035018055 0.050411198288202286 36
1642035019145 0.05031315237283707 37
1642035020228 0.050024453550577164 38
1642035021414 0.050547439604997635 39
1642035022560 0.05001102760434151 40
1642035023670 0.04940525442361832 41
1642035024770 0.049170248210430145 42
1642035025864 0.04852122440934181 43
1642035026973 0.04953944310545921 44
1642035028077 0.048672910779714584 45
1642035029166 0.04807495325803757 46
1642035030316 0.047907859086990356 47
1642035031351 0.04839159920811653 48
1642035032461 0.047912005335092545 49
1642035033607 0.04738374426960945 50
1642035034704 0.04746086895465851 51
1642035035729 0.046956513077020645 52
1642035036835 0.04640571027994156 53
1642035037960 0.04616139084100723 54
1642035039082 0.046347152441740036 55
1642035040175 0.04691695049405098 56
1642035041276 0.04548976570367813 57
1642035042359 0.045679595321416855 58
1642035043465 0.04553675279021263 59
1642035044546 0.04535088315606117 60
1642035045636 0.04475834593176842 61
1642035046775 0.044635966420173645 62
1642035047982 0.043938275426626205 63
1642035049117 0.0446326807141304 64
1642035050213 0.04460415989160538 65
1642035051315 0.04365517571568489 66
1642035052408 0.04329267889261246 67
1642035053796 0.043171536177396774 68
1642035055158 0.04317111521959305 69
1642035056297 0.042689092457294464 70
1642035057315 0.04269292205572128 71
1642035058478 0.04249575361609459 72
1642035059566 0.041801393032073975 73
1642035060715 0.04156487435102463 74
1642035061812 0.041956450790166855 75
1642035062904 0.0411539301276207 76
1642035064095 0.041631314903497696 77
1642035065285 0.041399527341127396 78
1642035066364 0.04130920022726059 79
1642035067454 0.04094060882925987 80
1642035068533 0.04014413058757782 81
1642035069640 0.04003525897860527 82
1642035070728 0.04018159210681915 83
1642035071861 0.03999350965023041 84
1642035072963 0.03952409699559212 85
1642035074085 0.039907440543174744 86
1642035075124 0.03868013247847557 87
1642035076264 0.0386321060359478 88
1642035077381 0.03904044255614281 89
1642035078498 0.039047278463840485 90
1642035079647 0.03847228363156319 91
1642035080724 0.03771379217505455 92
1642035081843 0.0381125845015049 93
1642035082919 0.03859453648328781 94
1642035084070 0.03708489239215851 95
1642035085105 0.03773334622383118 96
1642035086197 0.03796850144863129 97
1642035087335 0.03645624965429306 98
1642035088420 0.037220124155282974 99
1642035089570 0.03734007477760315 100
1642035090666 0.037354324012994766 101
1642035091733 0.036520812660455704 102
1642035092842 0.03632417321205139 103
1642035093996 0.035964395850896835 104
1642035095078 0.036047205328941345 105
1642035096166 0.03667384758591652 106
1642035097280 0.03571029379963875 107
1642035098402 0.03634346276521683 108
1642035099434 0.03589581698179245 109
1642035100535 0.036049626767635345 110
1642035101678 0.03541432321071625 111
1642035102754 0.03556450083851814 112
1642035103837 0.03587595745921135 113
1642035104899 0.0351935550570488 114
1642035106056 0.03443804755806923 115
1642035107146 0.03550279513001442 116
1642035108236 0.034787919372320175 117
1642035109374 0.03426434472203255 118
1642035110484 0.03473931550979614 119
