1642035888955 0.2879214584827423 0
1642035891524 0.09175864607095718 1
1642035894077 0.08181536942720413 2
1642035896302 0.07744576036930084 3
1642035898461 0.07641424983739853 4
1642035900710 0.07514242827892303 5
1642035902909 0.07362734526395798 6
1642035905238 0.07250663638114929 7
1642035907639 0.07243490219116211 8
1642035909998 0.07209870964288712 9
1642035912259 0.07059715688228607 10
1642035914588 0.06991906464099884 11
1642035916909 0.07017508894205093 12
1642035919078 0.06793113052845001 13
1642035921444 0.06777619570493698 14
1642035924035 0.06810373067855835 15
1642035926286 0.06680068373680115 16
1642035928581 0.0671464055776596 17
1642035931021 0.06743408739566803 18
1642035933596 0.06692104041576385 19
1642035935982 0.06660337001085281 20
1642035938198 0.06656806170940399 21
1642035940512 0.06605637818574905 22
1642035942810 0.06494280695915222 23
1642035945219 0.06513244658708572 24
1642035947566 0.06460796296596527 25
1642035950104 0.0645308792591095 26
1642035952402 0.0647321566939354 27
1642035954611 0.06322325021028519 28
1642035956882 0.06388072669506073 29
1642035959185 0.06444258987903595 30
1642035961495 0.06307296454906464 31
1642035963703 0.06350009143352509 32
1642035965941 0.0636187344789505 33
1642035968222 0.0625467598438263 34
1642035970472 0.06611866503953934 35
1642035972814 0.06258760392665863 36
1642035975108 0.0629625990986824 37
1642035977585 0.0621497705578804 38
1642035979973 0.06232937425374985 39
1642035982418 0.06211959198117256 40
1642035984975 0.06279876083135605 41
1642035987548 0.06133076548576355 42
1642035989801 0.0613311305642128 43
1642035992097 0.06299680471420288 44
1642035994499 0.062421850860118866 45
1642035996856 0.062152814120054245 46
1642035999298 0.06160108745098114 47
1642036001580 0.06160669028759003 48
1642036003986 0.06094403564929962 49
1642036006388 0.06166953593492508 50
1642036008764 0.06255626678466797 51
1642036011163 0.06262114644050598 52
1642036013787 0.06160874664783478 53
1642036016065 0.06223839521408081 54
1642036018333 0.06115110218524933 55
1642036020608 0.0621771477162838 56
1642036023132 0.061905086040496826 57
1642036025692 0.062147147953510284 58
1642036028266 0.060652390122413635 59
1642036030558 0.06078245863318443 60
1642036032964 0.060834210366010666 61
1642036035570 0.0617356151342392 62
1642036038130 0.06123293191194534 63
1642036040400 0.06259436905384064 64
1642036042736 0.06115082651376724 65
1642036045254 0.060623858124017715 66
1642036047938 0.06048226356506348 67
1642036050332 0.060529518872499466 68
1642036052998 0.06056952849030495 69
1642036055343 0.061132218688726425 70
1642036057930 0.06109748035669327 71
1642036060331 0.06186261400580406 72
1642036062911 0.06166018173098564 73
1642036065381 0.060873690992593765 74
1642036067999 0.06062231957912445 75
1642036070458 0.06119084730744362 76
1642036072991 0.06113758310675621 77
1642036075492 0.06053883582353592 78
1642036077997 0.061104703694581985 79
