1642010163306 0.07272312045097351 0
1642010164943 0.05904743820428848 1
1642010166695 0.056367889046669006 2
1642010168266 0.05432776361703873 3
1642010169577 0.05286493897438049 4
1642010170866 0.053233202546834946 5
1642010172124 0.051442455500364304 6
1642010173380 0.05120439827442169 7
1642010174757 0.05018201097846031 8
1642010176045 0.04923168569803238 9
1642010177349 0.04890144243836403 10
1642010178687 0.047971028834581375 11
1642010180020 0.047738026827573776 12
1642010181340 0.046337030827999115 13
1642010182751 0.04609297960996628 14
1642010184064 0.04476787894964218 15
1642010185416 0.04337496683001518 16
1642010186739 0.042859625071287155 17
1642010188074 0.042065683752298355 18
1642010189427 0.04047398269176483 19
