1642009174429 0.6673588156700134 0
1642009175316 0.567091703414917 1
1642009176161 0.539406955242157 2
1642009177004 0.5274863243103027 3
1642009177744 0.5157775282859802 4
1642009178498 0.5014581084251404 5
1642009179244 0.49472764134407043 6
1642009179991 0.48371368646621704 7
1642009180734 0.46906113624572754 8
1642009181487 0.4628586173057556 9
1642009182198 0.45705872774124146 10
1642009182945 0.44372376799583435 11
1642009183685 0.4337587058544159 12
1642009184426 0.4228043556213379 13
1642009185169 0.4082561135292053 14
1642009185915 0.3993113934993744 15
1642009186658 0.3850998878479004 16
1642009187377 0.3731817901134491 17
1642009188131 0.36185982823371887 18
1642009188881 0.3558272123336792 19
1642009189631 0.3428139388561249 20
1642009190375 0.3207490146160126 21
1642009191109 0.3145022690296173 22
1642009191836 0.305276483297348 23
1642009192585 0.3016349673271179 24
1642009193331 0.28188902139663696 25
1642009194077 0.27563613653182983 26
1642009194829 0.26852232217788696 27
1642009195564 0.2545514404773712 28
1642009196279 0.24586312472820282 29
1642009197030 0.23832179605960846 30
1642009197778 0.23075872659683228 31
1642009198523 0.22731703519821167 32
1642009199271 0.22105053067207336 33
1642009200003 0.21274368464946747 34
1642009200723 0.2001529335975647 35
1642009201473 0.19905993342399597 36
1642009202217 0.19527851045131683 37
1642009202960 0.19186386466026306 38
1642009203711 0.18314018845558167 39
