1642036851185 0.3259877860546112 0
1642036852677 0.10361909121274948 1
1642036853977 0.08760204166173935 2
1642036855130 0.08144880086183548 3
1642036856317 0.07932534068822861 4
1642036857470 0.07758498936891556 5
1642036858621 0.07486124336719513 6
1642036859773 0.0732792317867279 7
1642036860920 0.07186003029346466 8
1642036862107 0.07014832645654678 9
1642036863252 0.06906324625015259 10
1642036864402 0.06722426414489746 11
1642036865546 0.06745792180299759 12
1642036866725 0.06697335094213486 13
1642036867878 0.0659327358007431 14
1642036869032 0.0664532482624054 15
1642036870177 0.0647391676902771 16
1642036871333 0.06508328765630722 17
1642036872502 0.06387186050415039 18
1642036873648 0.06361985951662064 19
1642036874799 0.06382061541080475 20
1642036875951 0.06319974362850189 21
1642036877124 0.06317651271820068 22
1642036878261 0.06301601231098175 23
1642036879417 0.06302259117364883 24
1642036880572 0.06249336153268814 25
1642036881750 0.06261077523231506 26
1642036882906 0.062208883464336395 27
1642036884062 0.062415897846221924 28
1642036885213 0.06191481649875641 29
1642036886438 0.061878181993961334 30
1642036887771 0.06124674901366234 31
1642036888935 0.06132638454437256 32
1642036890084 0.06068326160311699 33
1642036891237 0.05978089198470116 34
1642036892419 0.060162607580423355 35
1642036893575 0.06007798761129379 36
1642036894726 0.06039278954267502 37
1642036895877 0.059473857283592224 38
1642036897062 0.05918576568365097 39
1642036898215 0.05872151628136635 40
1642036899367 0.059160634875297546 41
1642036900518 0.059286221861839294 42
1642036901666 0.05923650041222572 43
1642036902845 0.058638885617256165 44
1642036903992 0.05908960849046707 45
1642036905138 0.058980707079172134 46
1642036906291 0.05792878940701485 47
1642036907549 0.058559224009513855 48
1642036908738 0.0590377040207386 49
1642036909907 0.05799594148993492 50
1642036911061 0.05856267735362053 51
1642036912239 0.05812093988060951 52
1642036913405 0.057797081768512726 53
1642036914565 0.05808338150382042 54
1642036915715 0.05776788294315338 55
1642036916871 0.05758700519800186 56
1642036918051 0.056975580751895905 57
1642036919212 0.05757499486207962 58
1642036920374 0.05780167132616043 59
1642036921524 0.057579923421144485 60
1642036922710 0.05817282572388649 61
1642036923868 0.05738692730665207 62
1642036925015 0.05815732479095459 63
1642036926160 0.05810476467013359 64
1642036927319 0.05779557302594185 65
1642036928485 0.05748911574482918 66
1642036929644 0.057815566658973694 67
1642036930794 0.056783005595207214 68
1642036931945 0.056660477072000504 69
1642036933118 0.05661573261022568 70
1642036934270 0.055744338780641556 71
1642036935413 0.055673833936452866 72
1642036936559 0.056440677493810654 73
1642036937748 0.05588584393262863 74
1642036938906 0.05622255429625511 75
1642036940053 0.05658604949712753 76
1642036941210 0.056913938373327255 77
1642036942358 0.056647416204214096 78
1642036943538 0.05720730498433113 79
1642036944692 0.056070078164339066 80
1642036945839 0.055440157651901245 81
1642036946986 0.056326497346162796 82
1642036948169 0.055650170892477036 83
1642036949331 0.055370770394802094 84
1642036950480 0.055548299103975296 85
1642036951635 0.055169232189655304 86
1642036952797 0.05548934265971184 87
1642036953955 0.05523114651441574 88
1642036955112 0.05550927668809891 89
1642036956263 0.05510734021663666 90
1642036957414 0.055345334112644196 91
1642036958598 0.05535563826560974 92
1642036959748 0.05501676723361015 93
1642036960898 0.05538574978709221 94
1642036962048 0.054344210773706436 95
1642036963226 0.054751042276620865 96
1642036964372 0.054378289729356766 97
1642036965517 0.05502106621861458 98
1642036966667 0.05492960289120674 99
1642036967814 0.05494145676493645 100
1642036968991 0.05428548529744148 101
1642036970141 0.053822584450244904 102
1642036971293 0.054115716367959976 103
1642036972441 0.053790971636772156 104
1642036973619 0.054087355732917786 105
1642036974768 0.05431586131453514 106
1642036975922 0.053965672850608826 107
1642036977075 0.05371973291039467 108
1642036978234 0.05427296459674835 109
1642036979392 0.05456952378153801 110
1642036980537 0.054142821580171585 111
1642036981682 0.05355893075466156 112
1642036982837 0.05331314355134964 113
1642036984016 0.05421016365289688 114
1642036985168 0.05305734649300575 115
1642036986317 0.053067646920681 116
1642036987467 0.053189922124147415 117
1642036988655 0.05412423610687256 118
1642036989804 0.05396348237991333 119
