1642023636714 0.07265950739383698 0
1642023639827 0.05856512859463692 1
1642023642707 0.056703899055719376 2
1642023645606 0.05490601807832718 3
1642023648448 0.053943246603012085 4
1642023651395 0.05308472365140915 5
1642023654303 0.05253280699253082 6
1642023657143 0.05134138837456703 7
1642023660085 0.050572674721479416 8
1642023662935 0.049927592277526855 9
1642023665848 0.04957064241170883 10
1642023668735 0.04842304438352585 11
1642023671691 0.04786406457424164 12
1642023674540 0.04619264975190163 13
1642023677438 0.04581240937113762 14
1642023680346 0.04431656002998352 15
1642023683186 0.04386277496814728 16
1642023686167 0.042289186269044876 17
1642023689193 0.04165723919868469 18
1642023692065 0.0409713052213192 19
1642023694938 0.0395146980881691 20
1642023697857 0.03874453902244568 21
1642023700655 0.03800985589623451 22
1642023703570 0.036478858441114426 23
1642023706394 0.03600636497139931 24
1642023709238 0.03517576679587364 25
1642023712211 0.03420703485608101 26
1642023715046 0.03313015028834343 27
1642023717976 0.032733552157878876 28
1642023720838 0.03230401873588562 29
1642023723763 0.031120168045163155 30
1642023726641 0.03039422817528248 31
1642023729491 0.02925104647874832 32
1642023732399 0.028922315686941147 33
1642023735341 0.02825433760881424 34
1642023738189 0.0276646688580513 35
1642023741083 0.027225686237215996 36
1642023744006 0.026154372841119766 37
1642023746827 0.025764888152480125 38
1642023749811 0.026329727843403816 39
1642023752678 0.02549285627901554 40
1642023755601 0.025166891515254974 41
1642023758452 0.024560043588280678 42
1642023761344 0.024619773030281067 43
1642023764273 0.0233249943703413 44
1642023767195 0.02327635884284973 45
1642023770190 0.02303239516913891 46
1642023773030 0.022812793031334877 47
1642023775984 0.022857611998915672 48
1642023778801 0.021260512992739677 49
1642023781764 0.02157294936478138 50
1642023784633 0.021066397428512573 51
1642023787551 0.021661560982465744 52
1642023790488 0.02043137699365616 53
1642023793428 0.01946716569364071 54
1642023796349 0.02052942104637623 55
1642023799261 0.01986556500196457 56
1642023802244 0.019604051485657692 57
1642023805089 0.0188177190721035 58
1642023808025 0.01850675791501999 59
1642023810885 0.01949882321059704 60
1642023813802 0.0184791162610054 61
1642023816687 0.018507804721593857 62
1642023819591 0.017988406121730804 63
1642023822428 0.017723212018609047 64
1642023825325 0.018089888617396355 65
1642023828273 0.017906300723552704 66
1642023831103 0.017303895205259323 67
1642023834095 0.016855468973517418 68
1642023836925 0.01710693910717964 69
1642023839924 0.017611300572752953 70
1642023842811 0.016973841935396194 71
1642023845811 0.01650112494826317 72
1642023848664 0.016051972284913063 73
1642023851579 0.015563441440463066 74
1642023854501 0.016372745856642723 75
1642023857322 0.015348028391599655 76
1642023860342 0.015195522457361221 77
1642023863226 0.015663333237171173 78
1642023866192 0.015546159818768501 79
