1641481335685 2.8752074241638184 0
1641481341621 0.14401575922966003 2
1641481345706 0.10732753574848175 4
1641481350156 0.09476565569639206 6
1641481356315 0.08806958794593811 8
1641481362616 0.0922384113073349 10
1641481367852 0.09158989787101746 12
1641481372611 0.09015154838562012 14
1641481377691 0.08971776813268661 16
1641481382358 0.08528932183980942 18
1641481387101 0.08460672944784164 20
1641481391833 0.0835268497467041 22
1641481396556 0.08443605899810791 24
1641481401308 0.08709990233182907 26
1641481405986 0.08754108846187592 28
1641481410674 0.08113088458776474 30
1641481415481 0.08134306222200394 32
1641481420152 0.08212615549564362 34
1641481424841 0.08067909628152847 36
1641481429589 0.07997468113899231 38
1641481434330 0.08033854514360428 40
1641481439009 0.08840601146221161 42
1641481443622 0.08496328443288803 44
1641481448188 0.08192925155162811 46
1641481452857 0.08397077769041061 48
1641481457514 0.08167504519224167 50
1641481462191 0.08315256983041763 52
1641481466822 0.085153728723526 54
1641481471461 0.08302687853574753 56
1641481476059 0.0840950608253479 58
1641481480811 0.0820838063955307 60
1641481485445 0.08162299543619156 62
1641481490019 0.08159241825342178 64
1641481494613 0.08550121635198593 66
1641481499205 0.08111289143562317 68
1641481503839 0.0823732316493988 70
1641481508445 0.08586560934782028 72
1641481513115 0.08230604231357574 74
1641481517721 0.08397719264030457 76
1641481522293 0.08422555029392242 78
