1641941666693 0.09189355373382568 0
1641941667368 0.0625491738319397 1
1641941668104 0.05706402659416199 2
1641941668793 0.054455578327178955 3
1641941669509 0.05234979838132858 4
1641941670225 0.05201764777302742 5
1641941670930 0.050014883279800415 6
1641941671597 0.04870830848813057 7
1641941672301 0.04904824495315552 8
1641941672953 0.04723344370722771 9
1641941673651 0.04659401625394821 10
1641941674351 0.04620402678847313 11
1641941675074 0.045272573828697205 12
1641941675773 0.044721994549036026 13
1641941676485 0.04383708909153938 14
1641941677202 0.04325983673334122 15
1641941677885 0.04235067218542099 16
1641941678593 0.041522033512592316 17
1641941679299 0.040902622044086456 18
1641941680000 0.03954458236694336 19
1641941680653 0.03895523399114609 20
1641941681348 0.03761666640639305 21
1641941682055 0.037007465958595276 22
1641941682712 0.03617293760180473 23
1641941683417 0.03529076650738716 24
1641941684074 0.034870728850364685 25
1641941684733 0.033847976475954056 26
1641941685427 0.032981373369693756 27
1641941686127 0.03234891593456268 28
1641941686841 0.03132690116763115 29
1641941687483 0.03044348768889904 30
1641941688133 0.030657846480607986 31
1641941688862 0.029372168704867363 32
1641941689548 0.02832467295229435 33
1641941690228 0.02767595462501049 34
1641941690882 0.02729637734591961 35
1641941691586 0.027089260518550873 36
1641941692239 0.02590237744152546 37
1641941692932 0.026069121435284615 38
1641941693629 0.025767618790268898 39
1641941694313 0.0252588652074337 40
1641941694992 0.023508165031671524 41
1641941695720 0.02362832799553871 42
1641941696371 0.02341317944228649 43
1641941697119 0.022334499284625053 44
1641941697772 0.022306285798549652 45
1641941698429 0.02208760194480419 46
1641941699145 0.021382153034210205 47
1641941699863 0.0208834707736969 48
1641941700559 0.020897086709737778 49
1641941701205 0.020545147359371185 50
1641941701909 0.020027589052915573 51
1641941702617 0.019679881632328033 52
1641941703300 0.019157718867063522 53
1641941703963 0.01898091658949852 54
1641941704736 0.018723014742136 55
1641941705501 0.018055086955428123 56
1641941706385 0.017480118200182915 57
1641941707206 0.01774919405579567 58
1641941707986 0.01781899482011795 59
1641941708676 0.017965344712138176 60
1641941709441 0.017051609233021736 61
1641941710244 0.016601406037807465 62
1641941711036 0.016494210809469223 63
1641941711761 0.016272930428385735 64
1641941712464 0.016246000304818153 65
1641941713106 0.0159047432243824 66
1641941713806 0.016196783632040024 67
1641941714458 0.015504413284361362 68
1641941715146 0.015144232660531998 69
1641941715844 0.015264885500073433 70
1641941716533 0.014437837526202202 71
1641941717209 0.01405689399689436 72
1641941717876 0.014885365031659603 73
1641941718549 0.014376739040017128 74
1641941719257 0.014362509362399578 75
1641941719970 0.014331717044115067 76
1641941720620 0.01445061806589365 77
1641941721269 0.014004018157720566 78
1641941721967 0.012896296568214893 79
1641941722667 0.013250130228698254 80
1641941723343 0.013279570266604424 81
1641941724031 0.012566381134092808 82
1641941724728 0.01280047744512558 83
1641941725393 0.012745176441967487 84
1641941726031 0.012610964477062225 85
1641941726753 0.012359224259853363 86
1641941727530 0.012623263522982597 87
1641941728172 0.012791858054697514 88
1641941728847 0.012418295256793499 89
1641941729587 0.01191279198974371 90
1641941730246 0.011725865304470062 91
1641941730893 0.012035146355628967 92
1641941731601 0.011684234254062176 93
1641941732243 0.01240520365536213 94
1641941732946 0.011899584904313087 95
1641941733592 0.012205293402075768 96
1641941734285 0.011166728101670742 97
1641941734938 0.011562088504433632 98
1641941735658 0.011369036510586739 99
1641941736314 0.01103370264172554 100
1641941737069 0.010950659401714802 101
1641941737717 0.011113988235592842 102
1641941738409 0.011025154031813145 103
1641941739119 0.010953455232083797 104
1641941739779 0.010292483493685722 105
1641941740470 0.01066454965621233 106
1641941741132 0.010638660751283169 107
1641941741842 0.010286998935043812 108
1641941742548 0.010325532406568527 109
1641941743276 0.01003109011799097 110
1641941743923 0.009889650158584118 111
1641941744615 0.010655194520950317 112
1641941745289 0.009968671947717667 113
1641941745978 0.009808653965592384 114
1641941746665 0.010309560224413872 115
1641941747363 0.010309003293514252 116
1641941748058 0.009835937060415745 117
1641941748768 0.009701743721961975 118
1641941749492 0.009869217872619629 119
