1642024164216 0.12858101725578308 0
1642024166141 0.07922252267599106 1
1642024167815 0.0735049620270729 2
1642024169361 0.06891181319952011 3
1642024170960 0.06507944315671921 4
1642024172601 0.06303738802671432 5
1642024174157 0.0611170157790184 6
1642024175721 0.0594891794025898 7
1642024177349 0.05909540876746178 8
1642024178968 0.05825892835855484 9
1642024180480 0.057005543261766434 10
1642024182126 0.05727596953511238 11
1642024183739 0.05665602162480354 12
1642024185231 0.05641116201877594 13
1642024186955 0.05523121356964111 14
1642024188569 0.05520913004875183 15
1642024190129 0.05528431758284569 16
1642024191762 0.05471072718501091 17
1642024193385 0.055197373032569885 18
1642024195000 0.05445675179362297 19
