1641955941198 0.08178558200597763 0
1641955942664 0.06505700945854187 1
1641955943997 0.06018034741282463 2
1641955945318 0.058406878262758255 3
1641955946722 0.056655846536159515 4
1641955948021 0.05604881793260574 5
1641955949336 0.055565327405929565 6
1641955950744 0.054450616240501404 7
1641955952045 0.05419539287686348 8
1641955953346 0.05369509011507034 9
1641955954743 0.053082868456840515 10
1641955956076 0.05250759422779083 11
1641955957373 0.052082933485507965 12
1641955958737 0.051864854991436005 13
1641955960093 0.05120614171028137 14
1641955961392 0.05103219300508499 15
1641955962697 0.0507003515958786 16
1641955964099 0.04976123571395874 17
1641955965415 0.049407392740249634 18
1641955966717 0.049133069813251495 19
