1642031466866 1.055803656578064 0
1642031468485 0.7912043333053589 1
1642031470089 0.7599555850028992 2
1642031471456 0.7370007038116455 3
1642031472761 0.7043613195419312 4
1642031474034 0.6948152184486389 5
1642031475339 0.6755189895629883 6
1642031476629 0.6663605570793152 7
1642031477936 0.6575919389724731 8
1642031479194 0.6504523754119873 9
1642031480494 0.6400200724601746 10
1642031481764 0.6371923685073853 11
1642031483036 0.6290885806083679 12
1642031484342 0.6265261769294739 13
1642031485627 0.6184336543083191 14
1642031486940 0.6206735372543335 15
1642031488239 0.6210482716560364 16
1642031489572 0.610586941242218 17
1642031490892 0.6088827848434448 18
1642031492191 0.6031391620635986 19
1642031493444 0.6024377346038818 20
1642031494772 0.5961503982543945 21
1642031496070 0.5992193818092346 22
1642031497319 0.5972139239311218 23
1642031498644 0.5985761880874634 24
1642031499946 0.5927249193191528 25
1642031501244 0.5857663750648499 26
1642031502557 0.5898225903511047 27
1642031503938 0.5794654488563538 28
1642031505302 0.5875077843666077 29
1642031506615 0.5826718807220459 30
1642031507920 0.5838516354560852 31
1642031509233 0.5791991949081421 32
1642031510505 0.5755683183670044 33
1642031511826 0.5700567960739136 34
1642031513146 0.5626879930496216 35
1642031514464 0.5714222192764282 36
1642031515774 0.5685809850692749 37
1642031517086 0.5683134198188782 38
1642031518350 0.5685460567474365 39
1642031519672 0.561811625957489 40
1642031520938 0.5588967800140381 41
1642031522217 0.5611111521720886 42
1642031523551 0.5584036707878113 43
1642031524789 0.5567290782928467 44
1642031526108 0.5557281374931335 45
1642031527421 0.5587419271469116 46
1642031528714 0.5547572374343872 47
1642031529971 0.5596562623977661 48
1642031531268 0.5489329695701599 49
1642031532606 0.5467526316642761 50
1642031533897 0.5510684251785278 51
1642031535170 0.5545488595962524 52
1642031536476 0.5470486879348755 53
1642031537705 0.5467209219932556 54
1642031539029 0.5451661944389343 55
1642031540344 0.5446125268936157 56
1642031541659 0.5482221841812134 57
1642031542987 0.544231116771698 58
1642031544296 0.5421276688575745 59
1642031545540 0.5428196787834167 60
1642031546870 0.5465031266212463 61
1642031548115 0.5365475416183472 62
1642031549440 0.5471862554550171 63
1642031550764 0.5392504930496216 64
1642031552039 0.5408930778503418 65
1642031553310 0.5430245399475098 66
1642031554621 0.541957437992096 67
1642031555928 0.5358412861824036 68
1642031557190 0.5382990837097168 69
1642031558523 0.531747579574585 70
1642031559821 0.5357682108879089 71
1642031561099 0.5367963314056396 72
1642031562436 0.5371143817901611 73
1642031563766 0.5336730480194092 74
1642031565076 0.5228299498558044 75
1642031566384 0.5239453315734863 76
1642031567700 0.52790367603302 77
1642031568982 0.5294149518013 78
1642031570302 0.5342926383018494 79
1642031571534 0.527440071105957 80
1642031572867 0.5277588963508606 81
1642031574173 0.5238564610481262 82
1642031575429 0.5261226892471313 83
1642031576757 0.5243383049964905 84
1642031578093 0.5252944231033325 85
1642031579400 0.5249727368354797 86
1642031580656 0.5232822299003601 87
1642031581981 0.523837685585022 88
1642031583310 0.5219306349754333 89
1642031584609 0.5266921520233154 90
1642031585877 0.5209320783615112 91
1642031587198 0.521664559841156 92
1642031588529 0.519594669342041 93
1642031589837 0.5219331979751587 94
1642031591162 0.5202641487121582 95
1642031592455 0.5120871663093567 96
1642031593778 0.5128127336502075 97
1642031595008 0.5186758041381836 98
1642031596336 0.5198571681976318 99
1642031597676 0.5124273300170898 100
1642031598996 0.5159692764282227 101
1642031600236 0.5061980485916138 102
1642031601562 0.5121033191680908 103
1642031602862 0.5160397291183472 104
1642031604180 0.5105292201042175 105
1642031605491 0.5076352953910828 106
1642031606829 0.5110958218574524 107
1642031608117 0.5069307684898376 108
1642031609455 0.5041263699531555 109
1642031610787 0.5069642066955566 110
1642031612125 0.5066413283348083 111
1642031613435 0.5026335120201111 112
1642031614752 0.5086843371391296 113
1642031616032 0.5073562264442444 114
1642031617365 0.5013364553451538 115
1642031618699 0.5058985352516174 116
1642031620049 0.504041850566864 117
1642031621361 0.503398060798645 118
1642031622651 0.5036467909812927 119
