1641428691542 0.1991153508424759 0
1641428694999 0.0698155090212822 2
1641428698556 0.06038913130760193 4
1641428702131 0.058831971138715744 6
1641428705716 0.05756723880767822 8
1641428709485 0.05677367001771927 10
1641428712947 0.05600422993302345 12
1641428716569 0.0554768331348896 14
1641428719867 0.05496453493833542 16
1641428723249 0.053437087684869766 18
1641428726659 0.05293028801679611 20
1641428730197 0.05264689400792122 22
1641428733651 0.052647944539785385 24
1641428737030 0.05117001011967659 26
1641428740626 0.050852205604314804 28
