1641940356525 0.11864099651575089 0
1641940359198 0.06578221172094345 1
1641940361463 0.05862049758434296 2
1641940363753 0.056092794984579086 3
1641940366071 0.05510585010051727 4
1641940368484 0.05419943481683731 5
1641940370801 0.05343472585082054 6
1641940373151 0.05363267660140991 7
1641940375468 0.052812766283750534 8
1641940377688 0.05167878046631813 9
1641940380006 0.05137980729341507 10
1641940382335 0.051028601825237274 11
1641940384591 0.05041071027517319 12
1641940386878 0.049015872180461884 13
1641940389145 0.048520129173994064 14
1641940391435 0.04778964817523956 15
1641940393744 0.04713903367519379 16
1641940396051 0.04630126431584358 17
1641940398337 0.046072714030742645 18
1641940400684 0.044262081384658813 19
1641940403049 0.043995775282382965 20
1641940405319 0.04295821487903595 21
1641940407590 0.04222375899553299 22
1641940409881 0.04194869101047516 23
1641940412132 0.04083489254117012 24
1641940414443 0.03994617238640785 25
1641940416696 0.039351686835289 26
1641940419019 0.03836151584982872 27
1641940421235 0.03755556046962738 28
1641940423558 0.03659120202064514 29
1641940425838 0.035962559282779694 30
1641940428028 0.03539955988526344 31
1641940430336 0.03487962856888771 32
1641940432516 0.034392956644296646 33
1641940434796 0.03349945694208145 34
1641940437021 0.033382169902324677 35
1641940439216 0.03275378793478012 36
1641940441397 0.03203614056110382 37
1641940443653 0.03159771114587784 38
1641940446032 0.03140269219875336 39
1641940448378 0.030363528057932854 40
1641940450599 0.02984585426747799 41
1641940452907 0.029974443838000298 42
1641940455201 0.029352448880672455 43
1641940457497 0.028819281607866287 44
1641940459834 0.02837929129600525 45
1641940462107 0.028056610375642776 46
1641940464482 0.027531612664461136 47
1641940466734 0.027356045320630074 48
1641940469055 0.02723207138478756 49
1641940471294 0.02641518972814083 50
1641940473563 0.026198171079158783 51
1641940475824 0.025908246636390686 52
1641940478091 0.025485124439001083 53
1641940480335 0.025494206696748734 54
1641940482639 0.02508162148296833 55
1641940484870 0.024477608501911163 56
1641940487253 0.02443613111972809 57
1641940489547 0.024243051186203957 58
1641940491862 0.02386181429028511 59
1641940494173 0.023745840415358543 60
1641940496429 0.023218786343932152 61
1641940498735 0.023183656856417656 62
1641940501012 0.022711990401148796 63
1641940503318 0.022714409977197647 64
1641940505560 0.02217058092355728 65
1641940507866 0.02263372391462326 66
1641940510079 0.022597748786211014 67
1641940512443 0.022085342556238174 68
1641940514697 0.021731575950980186 69
1641940516973 0.02179431915283203 70
1641940519285 0.02139418199658394 71
1641940521669 0.02121049351990223 72
1641940523998 0.02096395194530487 73
1641940526308 0.020807575434446335 74
1641940528616 0.020858656615018845 75
1641940530847 0.02081611379981041 76
1641940533168 0.020275114104151726 77
1641940535399 0.02023513987660408 78
1641940537713 0.020274927839636803 79
1641940540065 0.01997547782957554 80
1641940542371 0.01977875456213951 81
1641940544716 0.019395271316170692 82
1641940547063 0.019354380667209625 83
1641940549370 0.01941644959151745 84
1641940551690 0.01964246667921543 85
1641940554004 0.019350318238139153 86
1641940556397 0.01848713867366314 87
1641940558725 0.01890716329216957 88
1641940561030 0.018750473856925964 89
1641940563346 0.018663227558135986 90
1641940565598 0.018639586865901947 91
1641940567838 0.01845952495932579 92
1641940570161 0.01815015636384487 93
1641940572426 0.018371567130088806 94
1641940574727 0.01777665689587593 95
1641940577001 0.01780208759009838 96
1641940579340 0.018448401242494583 97
1641940581605 0.017804039642214775 98
1641940583866 0.017805323004722595 99
1641940586111 0.01700897142291069 100
1641940588440 0.017178013920783997 101
1641940590693 0.01704624481499195 102
1641940592919 0.01764250174164772 103
1641940595164 0.017208727076649666 104
1641940597439 0.01701008342206478 105
1641940599655 0.017286136746406555 106
1641940601880 0.01715872623026371 107
1641940604073 0.016710465773940086 108
1641940606388 0.016290860250592232 109
1641940608586 0.01660376787185669 110
1641940610826 0.016489719972014427 111
1641940613142 0.01691081002354622 112
1641940615337 0.016174256801605225 113
1641940617659 0.016404252499341965 114
1641940619912 0.016376443207263947 115
1641940622215 0.016161197796463966 116
1641940624577 0.01608435809612274 117
1641940626868 0.016027383506298065 118
1641940629229 0.015945052728056908 119
