1641935913000 0.19997116923332214 0
1641935914740 0.09085487574338913 1
1641935916349 0.07316753268241882 2
1641935917893 0.06460662186145782 3
1641935919505 0.06066214665770531 4
1641935921128 0.05942269787192345 5
1641935922738 0.058434564620256424 6
1641935924337 0.05903684347867966 7
1641935925848 0.05758986622095108 8
1641935927380 0.057601384818553925 9
1641935928890 0.05719922482967377 10
1641935930453 0.056775908917188644 11
1641935931981 0.05591810867190361 12
1641935933499 0.055673740804195404 13
1641935935122 0.055637236684560776 14
1641935936676 0.055338628590106964 15
1641935938265 0.05517098680138588 16
1641935939916 0.05495985224843025 17
1641935941499 0.053976066410541534 18
1641935943036 0.05412983149290085 19
1641935944596 0.053428713232278824 20
1641935946114 0.05322228744626045 21
1641935947644 0.05277217552065849 22
1641935949253 0.05270015075802803 23
1641935950770 0.052835769951343536 24
1641935952317 0.05208658427000046 25
1641935953882 0.05168252810835838 26
1641935955415 0.051200155168771744 27
1641935956933 0.05150389298796654 28
1641935958455 0.05091222748160362 29
1641935960020 0.050731074064970016 30
1641935961542 0.050613392144441605 31
1641935963081 0.04990717023611069 32
1641935964649 0.049392957240343094 33
1641935966149 0.049515604972839355 34
1641935967688 0.048965830355882645 35
1641935969274 0.04917171224951744 36
1641935970787 0.048680245876312256 37
1641935972328 0.04915405809879303 38
1641935973917 0.048629600554704666 39
1641935975432 0.04870188608765602 40
1641935976960 0.048145633190870285 41
1641935978537 0.04868903383612633 42
1641935980092 0.04754083976149559 43
1641935981627 0.04700932651758194 44
1641935983160 0.0473228320479393 45
1641935984742 0.04712997376918793 46
1641935986254 0.04712231457233429 47
1641935987797 0.04645288735628128 48
1641935989375 0.0461684912443161 49
1641935990907 0.046048492193222046 50
1641935992433 0.0466378889977932 51
1641935994024 0.04615089297294617 52
1641935995537 0.04610320180654526 53
1641935997072 0.04570506140589714 54
1641935998596 0.04716747999191284 55
1641936000195 0.046714551746845245 56
1641936001715 0.04711436107754707 57
1641936003249 0.04559096693992615 58
1641936004840 0.04487309977412224 59
1641936006377 0.04418466240167618 60
1641936007882 0.04399808123707771 61
1641936009474 0.04469073936343193 62
1641936010993 0.04496176913380623 63
1641936012500 0.04414276406168938 64
1641936014078 0.04439472407102585 65
1641936015621 0.04427025467157364 66
1641936017137 0.045997172594070435 67
1641936018702 0.0436011478304863 68
1641936020376 0.0442056767642498 69
1641936021894 0.0425800196826458 70
1641936023438 0.04349665716290474 71
1641936025028 0.043050579726696014 72
1641936026549 0.042634714394807816 73
1641936028066 0.044153548777103424 74
1641936029636 0.043039511889219284 75
1641936031176 0.042674239724874496 76
1641936032703 0.042052533477544785 77
1641936034213 0.04458504915237427 78
1641936035803 0.042522553354501724 79
