1641957489763 0.08172284811735153 0
1641957491393 0.07374257594347 1
1641957492940 0.07090362161397934 2
1641957494394 0.07127103209495544 3
1641957495852 0.07053792476654053 4
1641957497302 0.07010558992624283 5
1641957498751 0.07057561725378036 6
1641957500201 0.07118579000234604 7
1641957501666 0.07116425037384033 8
1641957503138 0.07097795605659485 9
1641957504587 0.07049928605556488 10
1641957506053 0.06993205845355988 11
1641957507518 0.0702471062541008 12
1641957508983 0.07024282962083817 13
1641957510388 0.06907357275485992 14
1641957511839 0.06950733810663223 15
1641957513316 0.06923750042915344 16
1641957514907 0.06919429451227188 17
1641957516493 0.06913326680660248 18
1641957518098 0.06920242309570312 19
1641957519679 0.06904082000255585 20
1641957521136 0.06938493996858597 21
1641957522596 0.06884177029132843 22
1641957524067 0.06939110904932022 23
1641957525630 0.06918833404779434 24
1641957527159 0.0688418298959732 25
1641957528573 0.06910022348165512 26
1641957530037 0.06888173520565033 27
1641957531500 0.06897145509719849 28
1641957532960 0.06865173578262329 29
1641957534430 0.06898432224988937 30
1641957535888 0.06864938884973526 31
1641957537322 0.06895271688699722 32
1641957538790 0.06893062591552734 33
1641957540255 0.06912827491760254 34
1641957541707 0.06891529262065887 35
1641957543139 0.06854771822690964 36
1641957544608 0.06849860399961472 37
1641957546057 0.06878816336393356 38
1641957547523 0.0686614066362381 39
