1642033402645 0.13400757312774658 0
1642033406336 0.07933284342288971 1
1642033409733 0.07306647300720215 2
1642033412986 0.06820442527532578 3
1642033416211 0.06625718623399734 4
1642033419454 0.06425804644823074 5
1642033422701 0.0627942904829979 6
1642033425918 0.06072134152054787 7
1642033429236 0.0605209544301033 8
1642033432395 0.05978140980005264 9
1642033435620 0.05911365896463394 10
1642033438863 0.05864918604493141 11
1642033442036 0.058827437460422516 12
1642033445278 0.058593716472387314 13
1642033448504 0.05730500817298889 14
1642033451824 0.05776919424533844 15
1642033455444 0.05697425454854965 16
1642033458741 0.056582652032375336 17
1642033462013 0.0565873384475708 18
1642033465292 0.05618830770254135 19
1642033468563 0.05587909743189812 20
1642033471792 0.05585001781582832 21
1642033475066 0.05527477338910103 22
1642033478313 0.05615253373980522 23
1642033481488 0.05533081665635109 24
1642033484771 0.055005162954330444 25
1642033488118 0.05468589812517166 26
1642033491334 0.05495133996009827 27
1642033494656 0.054377805441617966 28
1642033497951 0.054162073880434036 29
1642033501202 0.053891923278570175 30
1642033504464 0.054081276059150696 31
1642033507815 0.053637195378541946 32
1642033511124 0.05303017795085907 33
1642033514380 0.05348256602883339 34
1642033517536 0.053474728018045425 35
1642033520766 0.05286642163991928 36
1642033524088 0.05251040309667587 37
1642033527320 0.05203569307923317 38
1642033530589 0.052119284868240356 39
1642033533854 0.05183586850762367 40
1642033537045 0.05185540392994881 41
1642033540295 0.051989320665597916 42
1642033543558 0.052315741777420044 43
1642033546763 0.05083749070763588 44
1642033550067 0.05150599405169487 45
1642033553412 0.051813047379255295 46
1642033556668 0.05138685181736946 47
1642033559941 0.04979028180241585 48
1642033563147 0.05045527219772339 49
1642033566461 0.050449926406145096 50
1642033569742 0.05082477256655693 51
1642033573059 0.05263965576887131 52
1642033576476 0.0504019521176815 53
1642033579747 0.05006486922502518 54
1642033583033 0.04960421472787857 55
1642033586377 0.0491759292781353 56
1642033589697 0.04940950497984886 57
1642033593033 0.04916684702038765 58
1642033596344 0.04863036796450615 59
1642033599605 0.0482933335006237 60
1642033602900 0.048490364104509354 61
1642033606194 0.04908662661910057 62
1642033609507 0.0499747171998024 63
1642033612758 0.04868937283754349 64
1642033616079 0.05017418786883354 65
1642033619484 0.048689886927604675 66
1642033622846 0.04916319623589516 67
1642033626173 0.04769397899508476 68
1642033629502 0.04664631932973862 69
1642033632789 0.047328636050224304 70
1642033636133 0.0470447763800621 71
1642033639493 0.047747328877449036 72
1642033642822 0.04750848561525345 73
1642033646316 0.04770396649837494 74
1642033649643 0.046716026961803436 75
1642033652965 0.046370986849069595 76
1642033656419 0.046043962240219116 77
1642033659767 0.04617132619023323 78
1642033663130 0.046539224684238434 79
1642033666436 0.04577955603599548 80
1642033669744 0.04553273692727089 81
1642033673059 0.046788331121206284 82
1642033676257 0.04641994833946228 83
1642033679524 0.0456794872879982 84
1642033682861 0.045449722558259964 85
1642033686105 0.046263597905635834 86
1642033689354 0.04506567493081093 87
1642033692678 0.04470772296190262 88
1642033695958 0.04487721994519234 89
1642033699323 0.04451128840446472 90
1642033702591 0.04672028124332428 91
1642033705900 0.04783520847558975 92
1642033709142 0.045416075736284256 93
1642033712491 0.045768339186906815 94
1642033715775 0.044737961143255234 95
1642033719182 0.0447482168674469 96
1642033722478 0.04416149482131004 97
1642033725831 0.043944306671619415 98
1642033729111 0.0433727502822876 99
1642033732527 0.044317975640296936 100
1642033735886 0.04416128620505333 101
1642033739251 0.04635564982891083 102
1642033742506 0.04456699639558792 103
1642033745824 0.04332497715950012 104
1642033749107 0.04276329278945923 105
1642033752459 0.04290803521871567 106
1642033755875 0.04285800829529762 107
1642033759227 0.04223237559199333 108
1642033762603 0.04266682267189026 109
1642033765910 0.04264190047979355 110
1642033769139 0.041913267225027084 111
1642033772513 0.04204462096095085 112
1642033775937 0.04245540499687195 113
1642033779228 0.04349268972873688 114
1642033782613 0.04307885468006134 115
1642033785953 0.04301543906331062 116
1642033789218 0.04166026413440704 117
1642033792565 0.04411131143569946 118
1642033795969 0.04223645105957985 119
