1642031325973 0.8347150087356567 0
1642031328090 0.731361448764801 1
1642031329940 0.6983945965766907 2
1642031331623 0.6472665071487427 3
1642031333281 0.6199538111686707 4
1642031334952 0.6024355292320251 5
1642031336627 0.5900394916534424 6
1642031338328 0.5798125267028809 7
1642031340004 0.5688117742538452 8
1642031341722 0.5627482533454895 9
1642031343432 0.5627989768981934 10
1642031345106 0.5556984543800354 11
1642031346776 0.5503128170967102 12
1642031348453 0.549701452255249 13
1642031350136 0.5408722162246704 14
1642031351806 0.5391634106636047 15
1642031353492 0.53730309009552 16
1642031355155 0.5298181772232056 17
1642031356826 0.5351969003677368 18
1642031358506 0.5278279185295105 19
1642031360198 0.5210489630699158 20
1642031361953 0.5187028646469116 21
1642031363587 0.51920485496521 22
1642031365319 0.5164722800254822 23
1642031367024 0.5140928626060486 24
1642031368718 0.5078407526016235 25
1642031370514 0.504568874835968 26
1642031372243 0.5014494061470032 27
1642031373919 0.49399876594543457 28
1642031375601 0.4938131272792816 29
1642031377281 0.49371781945228577 30
1642031378956 0.48992589116096497 31
1642031380633 0.4867936074733734 32
1642031382313 0.48992177844047546 33
1642031383989 0.47977614402770996 34
1642031385695 0.47981584072113037 35
1642031387373 0.47329217195510864 36
1642031389073 0.47094908356666565 37
1642031390753 0.4724963307380676 38
1642031392433 0.4668624997138977 39
1642031394117 0.46411144733428955 40
1642031395794 0.46076780557632446 41
1642031397482 0.4659268856048584 42
1642031399152 0.45527806878089905 43
1642031400836 0.45227253437042236 44
1642031402517 0.44711804389953613 45
1642031404200 0.4482165575027466 46
1642031405878 0.44314077496528625 47
1642031407544 0.44316431879997253 48
1642031409251 0.4417537748813629 49
1642031410948 0.4357065260410309 50
1642031412647 0.4363236725330353 51
1642031414333 0.4259166121482849 52
1642031415996 0.4276306927204132 53
1642031417629 0.4232415556907654 54
1642031419309 0.42112433910369873 55
1642031420994 0.41966694593429565 56
1642031422674 0.415620893239975 57
1642031424359 0.4232189953327179 58
1642031426106 0.41429322957992554 59
1642031427751 0.41071560978889465 60
1642031429440 0.40842968225479126 61
1642031431131 0.41056737303733826 62
1642031432816 0.39943453669548035 63
1642031434506 0.4004092514514923 64
1642031436195 0.39879855513572693 65
1642031437882 0.3954700231552124 66
1642031439566 0.39512041211128235 67
1642031441166 0.3925343453884125 68
1642031442856 0.39549392461776733 69
1642031444546 0.39439743757247925 70
1642031446225 0.3838634490966797 71
1642031447909 0.38183537125587463 72
1642031449597 0.38258856534957886 73
1642031451283 0.38180553913116455 74
1642031452968 0.38243141770362854 75
1642031454662 0.3827475905418396 76
1642031456347 0.3715595602989197 77
1642031458037 0.3755124509334564 78
1642031459726 0.371421217918396 79
