1642037227199 0.14015544950962067 0
1642037228362 0.08144515007734299 1
1642037229392 0.07459541410207748 2
1642037230404 0.07091782987117767 3
1642037231414 0.06769176572561264 4
1642037232450 0.06530129909515381 5
1642037233461 0.06355278193950653 6
1642037234470 0.06210833787918091 7
1642037235479 0.06022506207227707 8
1642037236490 0.05926404148340225 9
1642037237515 0.05807999521493912 10
1642037238526 0.058485936373472214 11
1642037239536 0.05727605149149895 12
1642037240546 0.056697338819503784 13
1642037241557 0.05655428022146225 14
1642037242587 0.056394342333078384 15
1642037243601 0.05572792887687683 16
1642037244613 0.055429667234420776 17
1642037245624 0.055499013513326645 18
1642037246636 0.05488793924450874 19
1642037247675 0.05447816848754883 20
1642037248689 0.05386250466108322 21
1642037249701 0.0541355162858963 22
1642037250705 0.05342846363782883 23
1642037251711 0.0534917451441288 24
1642037252737 0.053351882845163345 25
1642037253748 0.05276475101709366 26
1642037254758 0.05252930521965027 27
1642037255771 0.0522615984082222 28
1642037256781 0.052209313958883286 29
1642037257805 0.05174267664551735 30
1642037258819 0.05169771611690521 31
1642037259830 0.051374610513448715 32
1642037260853 0.05113590881228447 33
1642037261967 0.051475077867507935 34
1642037263069 0.05060147866606712 35
1642037264086 0.05050584673881531 36
1642037265091 0.04993949458003044 37
1642037266103 0.050024427473545074 38
1642037267112 0.0499541275203228 39
