1642022493117 0.8329882621765137 0
1642022495034 0.7399445176124573 1
1642022496701 0.6967967748641968 2
1642022498297 0.6491631269454956 3
1642022499998 0.6139810681343079 4
1642022501656 0.6003838777542114 5
1642022503369 0.5920214653015137 6
1642022505024 0.5790911912918091 7
1642022506659 0.571162760257721 8
1642022508227 0.5642733573913574 9
1642022509915 0.5528907179832458 10
1642022511585 0.5559393167495728 11
1642022513174 0.5482809543609619 12
1642022514873 0.5397164821624756 13
1642022516445 0.5388497114181519 14
1642022518070 0.5384278297424316 15
1642022519710 0.5311001539230347 16
1642022521271 0.5255836844444275 17
1642022522898 0.5300713777542114 18
1642022524538 0.5204762816429138 19
