1641955369329 0.08580297231674194 0
1641955371941 0.06605290621519089 1
1641955374618 0.06103433668613434 2
1641955377171 0.058606550097465515 3
1641955379738 0.05754975229501724 4
1641955382298 0.05682923272252083 5
1641955384927 0.05585078150033951 6
1641955387483 0.055299319326877594 7
1641955390055 0.054876718670129776 8
1641955392618 0.05450714752078056 9
1641955395245 0.054035235196352005 10
1641955397810 0.05346274748444557 11
1641955400402 0.053095098584890366 12
1641955403168 0.053209032863378525 13
1641955405794 0.052754271775484085 14
1641955408415 0.05239350348711014 15
1641955410983 0.052429161965847015 16
1641955413637 0.05170558765530586 17
1641955416233 0.05110842362046242 18
1641955418822 0.050935324281454086 19
1641955421488 0.050225432962179184 20
1641955424060 0.04986777529120445 21
1641955426655 0.04945158585906029 22
1641955429234 0.04963071644306183 23
1641955431887 0.04868442192673683 24
1641955434464 0.04825357347726822 25
1641955437023 0.04776990786194801 26
1641955439688 0.0478532575070858 27
1641955442282 0.04766260087490082 28
1641955444885 0.04723329842090607 29
1641955447524 0.0471697598695755 30
1641955450097 0.046454500406980515 31
1641955452661 0.047253359109163284 32
1641955455247 0.04594455286860466 33
1641955457896 0.04545776918530464 34
1641955460618 0.04471446946263313 35
1641955463226 0.044481419026851654 36
1641955465897 0.04493830353021622 37
1641955468494 0.04457686096429825 38
1641955471086 0.044283684343099594 39
