1642037273552 0.4340350031852722 0
1642037274432 0.12448485195636749 1
1642037275322 0.09897812455892563 2
1642037276184 0.08935359120368958 3
1642037277061 0.08507565408945084 4
1642037277767 0.08221971988677979 5
1642037278498 0.07847844809293747 6
1642037279214 0.07765673846006393 7
1642037279919 0.07534734904766083 8
1642037280622 0.07395917922258377 9
1642037281322 0.07244434952735901 10
1642037282023 0.07170969247817993 11
1642037282721 0.07004000246524811 12
1642037283424 0.06946731358766556 13
1642037284123 0.06831071525812149 14
1642037284825 0.06786546111106873 15
1642037285530 0.06688154488801956 16
1642037286238 0.06687285006046295 17
1642037286945 0.06525686383247375 18
1642037287645 0.06535892933607101 19
1642037288370 0.06430304050445557 20
1642037289071 0.06382445991039276 21
1642037289767 0.06372764706611633 22
1642037290470 0.06359890848398209 23
1642037291173 0.06263335049152374 24
1642037291877 0.06305676698684692 25
1642037292583 0.06227266415953636 26
1642037293275 0.06213957443833351 27
1642037293980 0.06208782270550728 28
1642037294688 0.061406295746564865 29
1642037295394 0.0610104463994503 30
1642037296097 0.06017305701971054 31
1642037296801 0.06167246401309967 32
1642037297508 0.060574550181627274 33
1642037298222 0.06067964807152748 34
1642037298926 0.06073541194200516 35
1642037299633 0.06078775227069855 36
1642037300335 0.05985116958618164 37
1642037301038 0.0591857023537159 38
1642037301739 0.060399021953344345 39
1642037302445 0.060191571712493896 40
1642037303149 0.05947086215019226 41
1642037303852 0.05883524566888809 42
1642037304553 0.05932636559009552 43
1642037305259 0.059040412306785583 44
1642037305966 0.05877194181084633 45
1642037306673 0.05891556665301323 46
1642037307375 0.0592532642185688 47
1642037308079 0.05852647125720978 48
1642037308779 0.058649320155382156 49
1642037309556 0.058768171817064285 50
1642037310322 0.05836356431245804 51
1642037311094 0.058289993554353714 52
1642037311790 0.058341071009635925 53
1642037312495 0.0576804056763649 54
1642037313203 0.05797253176569939 55
1642037313905 0.058000218123197556 56
1642037314605 0.05750271677970886 57
1642037315308 0.05749667435884476 58
1642037316017 0.05749905854463577 59
1642037316721 0.057340752333402634 60
1642037317423 0.056799888610839844 61
1642037318126 0.05662829428911209 62
1642037318831 0.05690709874033928 63
1642037319533 0.05759642645716667 64
1642037320236 0.05662151426076889 65
1642037320945 0.055206429213285446 66
1642037321649 0.05609457567334175 67
1642037322352 0.05645153298974037 68
1642037323059 0.05570852383971214 69
1642037323761 0.05573560297489166 70
1642037324466 0.05567465350031853 71
1642037325166 0.056059885770082474 72
1642037325869 0.05557042360305786 73
1642037326576 0.05536504462361336 74
1642037327280 0.05552954971790314 75
1642037327984 0.05559157207608223 76
1642037328687 0.05470573902130127 77
1642037329393 0.05500621721148491 78
1642037330093 0.05475371703505516 79
