1642008105232 0.675944447517395 0
1642008107748 0.5838360786437988 1
1642008110053 0.554293692111969 2
1642008112417 0.5386602878570557 3
1642008114704 0.5292057991027832 4
1642008117008 0.5222539901733398 5
1642008119312 0.5143893361091614 6
1642008121684 0.5016371011734009 7
1642008123975 0.49657630920410156 8
1642008126247 0.4905317723751068 9
1642008128557 0.4817853271961212 10
1642008130840 0.47268587350845337 11
1642008133182 0.46689373254776 12
1642008135468 0.45632439851760864 13
1642008137778 0.4460488557815552 14
1642008140180 0.43895426392555237 15
1642008142487 0.43049511313438416 16
1642008144829 0.417285293340683 17
1642008147178 0.4130406081676483 18
1642008149632 0.3981185257434845 19
1642008151927 0.3905833959579468 20
1642008154267 0.3820514380931854 21
1642008156602 0.36932721734046936 22
1642008158903 0.3598566949367523 23
1642008161202 0.3519696891307831 24
1642008163557 0.34714534878730774 25
1642008165859 0.3363158702850342 26
1642008168191 0.3297598659992218 27
1642008170479 0.32102835178375244 28
1642008172842 0.31330424547195435 29
1642008175113 0.3069342076778412 30
1642008177416 0.29682108759880066 31
1642008179695 0.29762300848960876 32
1642008182040 0.28213509917259216 33
1642008184334 0.28074824810028076 34
1642008186597 0.2781355679035187 35
1642008188893 0.2711676061153412 36
1642008191223 0.2668379843235016 37
1642008193529 0.25645920634269714 38
1642008195807 0.2557232081890106 39
