1642009609375 0.08312085270881653 0
1642009612199 0.06427154690027237 1
1642009614970 0.06073122099041939 2
1642009617674 0.05868298187851906 3
1642009620428 0.0578690767288208 4
1642009623201 0.05692300945520401 5
1642009625912 0.056712836027145386 6
1642009628621 0.055847711861133575 7
1642009631411 0.055234309285879135 8
1642009634122 0.05502696707844734 9
1642009637005 0.05387089401483536 10
1642009639702 0.054169267416000366 11
1642009642498 0.05336359888315201 12
1642009645344 0.05258692800998688 13
1642009648045 0.05249951407313347 14
1642009650804 0.05215371027588844 15
1642009653550 0.05137592926621437 16
1642009656277 0.05186016485095024 17
1642009659073 0.05132489651441574 18
1642009661835 0.050612673163414 19
1642009664638 0.04999198019504547 20
1642009667414 0.050292931497097015 21
1642009670157 0.04981256648898125 22
1642009672901 0.049985889345407486 23
1642009675655 0.04914742708206177 24
1642009678434 0.048637378960847855 25
1642009681175 0.048905324190855026 26
1642009683884 0.0484686978161335 27
1642009686588 0.04848809912800789 28
1642009689366 0.04751471057534218 29
1642009692114 0.04752500355243683 30
1642009694894 0.047812990844249725 31
1642009697688 0.04690026864409447 32
1642009700451 0.04666740447282791 33
1642009703226 0.04608580097556114 34
1642009705913 0.04609125480055809 35
1642009708690 0.04570207744836807 36
1642009711397 0.04523131623864174 37
1642009714189 0.04468076303601265 38
1642009716898 0.04486805945634842 39
