1642034062242 0.1300666779279709 0
1642034064512 0.07756645232439041 1
1642034066374 0.0722556933760643 2
1642034068166 0.0681549534201622 3
1642034069940 0.06412027776241302 4
1642034071739 0.06373070925474167 5
1642034073472 0.0608682818710804 6
1642034075245 0.059954531490802765 7
1642034076982 0.05924879387021065 8
1642034078691 0.05865227431058884 9
1642034080500 0.05813957750797272 10
1642034082217 0.0567629411816597 11
1642034083941 0.057155270129442215 12
1642034085715 0.05645022168755531 13
1642034087474 0.05641145631670952 14
1642034089253 0.05626574903726578 15
1642034090972 0.05561826005578041 16
1642034092776 0.05489305406808853 17
1642034094527 0.054381027817726135 18
1642034096293 0.054932840168476105 19
1642034098071 0.05426860973238945 20
1642034099798 0.054465699940919876 21
1642034101497 0.05371735990047455 22
1642034103236 0.053946465253829956 23
1642034104962 0.053454093635082245 24
1642034106804 0.05325381085276604 25
1642034108637 0.05283733829855919 26
1642034110357 0.052657321095466614 27
1642034112131 0.05275050178170204 28
1642034113865 0.05213475972414017 29
1642034115620 0.05153629183769226 30
1642034117393 0.05157169699668884 31
1642034119142 0.05101103335618973 32
1642034120944 0.051622118800878525 33
1642034122739 0.05098002031445503 34
1642034124512 0.05075973644852638 35
1642034126272 0.04996386915445328 36
1642034128015 0.04992174729704857 37
1642034129755 0.04978577792644501 38
1642034131544 0.049587298184633255 39
1642034133245 0.048810120671987534 40
1642034134969 0.04906019940972328 41
1642034136701 0.0484972707927227 42
1642034138429 0.04806320369243622 43
1642034140111 0.048539258539676666 44
1642034141847 0.04790201783180237 45
1642034143636 0.04732368886470795 46
1642034145385 0.047455642372369766 47
1642034147150 0.04702743515372276 48
1642034148867 0.0478690043091774 49
1642034150574 0.046581730246543884 50
1642034152290 0.04669296368956566 51
1642034154059 0.04616239294409752 52
1642034155794 0.046375323086977005 53
1642034157524 0.0454145185649395 54
1642034159307 0.0457226000726223 55
1642034161090 0.04553302749991417 56
1642034162937 0.045319683849811554 57
1642034164774 0.04505003243684769 58
1642034166544 0.04491874948143959 59
1642034168331 0.04428728297352791 60
1642034170053 0.04490165784955025 61
1642034171819 0.04381154105067253 62
1642034173505 0.044570017606019974 63
1642034175247 0.04397391155362129 64
1642034177031 0.043632786720991135 65
1642034178810 0.04329334944486618 66
1642034180527 0.04283580183982849 67
1642034182369 0.04329729080200195 68
1642034184123 0.043116018176078796 69
1642034185902 0.04375705122947693 70
1642034187616 0.042464714497327805 71
1642034189350 0.04192917421460152 72
1642034191062 0.041545309126377106 73
1642034192830 0.04212496057152748 74
1642034194571 0.04169546812772751 75
1642034196256 0.041133537888526917 76
1642034197992 0.0409039668738842 77
1642034199760 0.041409049183130264 78
1642034201522 0.04099566861987114 79
