1641957795744 0.07985568046569824 0
1641957796642 0.07153934240341187 1
1641957797607 0.0711025670170784 2
1641957798503 0.07028894871473312 3
1641957799388 0.07046040147542953 4
1641957800153 0.07006821036338806 5
1641957800934 0.06947538256645203 6
1641957801704 0.06985623389482498 7
1641957802448 0.06977152079343796 8
1641957803221 0.06943458318710327 9
1641957803988 0.06931333243846893 10
1641957804768 0.06930720806121826 11
1641957805541 0.06876751780509949 12
1641957806344 0.06877660006284714 13
1641957807128 0.06875775754451752 14
1641957807913 0.06936664879322052 15
1641957808715 0.06880296021699905 16
1641957809480 0.06882553547620773 17
1641957810265 0.06884579360485077 18
1641957811028 0.06945209205150604 19
