1642031868551 0.8189785480499268 0
1642031869831 0.7359565496444702 1
1642031871087 0.7007063031196594 2
1642031872196 0.6538099646568298 3
1642031873260 0.6135519742965698 4
1642031874365 0.5944942235946655 5
1642031875443 0.5858198404312134 6
1642031876498 0.5697022080421448 7
1642031877557 0.5699610114097595 8
1642031878614 0.5568320155143738 9
1642031879684 0.5548855662345886 10
1642031880760 0.5491522550582886 11
1642031881815 0.5440507531166077 12
1642031882896 0.5416918396949768 13
1642031883958 0.5362110137939453 14
1642031885043 0.5353084802627563 15
1642031886104 0.5326310396194458 16
1642031887172 0.5289584994316101 17
1642031888230 0.5245429277420044 18
1642031889306 0.5209842920303345 19
1642031890365 0.5196860432624817 20
1642031891425 0.5220621824264526 21
1642031892498 0.5154900550842285 22
1642031893564 0.5093552470207214 23
1642031894628 0.5108128190040588 24
1642031895690 0.5063394904136658 25
1642031896749 0.501803994178772 26
1642031897814 0.4994555711746216 27
1642031898883 0.48998814821243286 28
1642031899949 0.48943135142326355 29
1642031901015 0.49101951718330383 30
1642031902081 0.486703097820282 31
1642031903150 0.481905460357666 32
1642031904221 0.48237699270248413 33
1642031905289 0.48206406831741333 34
1642031906352 0.4747994542121887 35
1642031907419 0.47011902928352356 36
1642031908491 0.47023823857307434 37
1642031909554 0.46480464935302734 38
1642031910670 0.4657551050186157 39
