1642010232097 0.07254889607429504 0
1642010233659 0.05907832086086273 1
1642010235009 0.05565040186047554 2
1642010236326 0.053884051740169525 3
1642010237677 0.053744424134492874 4
1642010239014 0.05198930948972702 5
1642010240372 0.05176118016242981 6
1642010241766 0.05091629549860954 7
1642010243153 0.05018185079097748 8
1642010244484 0.04921300709247589 9
1642010245860 0.04858151078224182 10
1642010247210 0.04757600277662277 11
1642010248594 0.047441642731428146 12
1642010249908 0.04659143462777138 13
1642010251252 0.04575498402118683 14
1642010252613 0.04480339214205742 15
1642010253987 0.04449527710676193 16
1642010255333 0.0434097945690155 17
1642010256678 0.041839420795440674 18
1642010258045 0.041191406548023224 19
1642010259373 0.03955242410302162 20
1642010260688 0.03898540884256363 21
1642010262018 0.03825479373335838 22
1642010263365 0.037197407335042953 23
1642010264701 0.036351706832647324 24
1642010266033 0.03599267825484276 25
1642010267333 0.03416876122355461 26
1642010268639 0.03335206210613251 27
1642010269975 0.03261440619826317 28
1642010271306 0.032412994652986526 29
1642010272605 0.031327031552791595 30
1642010273933 0.030471445992588997 31
1642010275347 0.029563989490270615 32
1642010276724 0.028831269592046738 33
1642010278040 0.02829766273498535 34
1642010279346 0.027712997049093246 35
1642010280674 0.027117954567074776 36
1642010282051 0.02605668269097805 37
1642010283465 0.02637740783393383 38
1642010284803 0.024925442412495613 39
