1642032321383 0.33003416657447815 0
1642032324472 0.09465982764959335 1
1642032326982 0.08298955857753754 2
1642032329474 0.07747858762741089 3
1642032331982 0.07680299878120422 4
1642032334568 0.07484075427055359 5
1642032337068 0.07517125457525253 6
1642032339573 0.0736670196056366 7
1642032342072 0.07396911829710007 8
1642032344624 0.07284087687730789 9
1642032347135 0.07191059738397598 10
1642032349647 0.07022174447774887 11
1642032352150 0.07070876657962799 12
1642032354648 0.06925339996814728 13
1642032357216 0.06974063813686371 14
1642032359738 0.06882268190383911 15
1642032362236 0.06784825772047043 16
1642032364954 0.06785226613283157 17
1642032367497 0.06697763502597809 18
1642032369982 0.06689376384019852 19
1642032372542 0.06647906452417374 20
1642032375063 0.06632819026708603 21
1642032377583 0.06591207534074783 22
1642032380090 0.06582344323396683 23
1642032382661 0.06562161445617676 24
1642032385177 0.06640622019767761 25
1642032387683 0.06516565382480621 26
1642032390190 0.06532734632492065 27
1642032392716 0.0654677152633667 28
1642032395219 0.06556305289268494 29
1642032397728 0.06491810083389282 30
1642032400285 0.06481393426656723 31
1642032402867 0.06332960724830627 32
1642032405379 0.0657586008310318 33
1642032407901 0.06425129622220993 34
1642032410475 0.06515680998563766 35
1642032413003 0.06439519673585892 36
1642032415520 0.06443694978952408 37
1642032418049 0.06434278935194016 38
1642032420619 0.06542845815420151 39
