1642022219764 0.8578451871871948 0
1642022222899 0.7566156983375549 1
1642022225702 0.7370322346687317 2
1642022228520 0.7167467474937439 3
1642022231346 0.6791143417358398 4
1642022234087 0.6335806846618652 5
1642022236988 0.6208521723747253 6
1642022239815 0.5973161458969116 7
1642022242628 0.5906831622123718 8
1642022245388 0.5827100872993469 9
1642022248197 0.5787699818611145 10
1642022251013 0.5746914744377136 11
1642022253891 0.5662788152694702 12
1642022256774 0.5609771609306335 13
1642022259602 0.5625174045562744 14
1642022262346 0.5544746518135071 15
1642022265174 0.5517483353614807 16
1642022267997 0.5479450821876526 17
1642022270730 0.5448720455169678 18
1642022273576 0.5383028388023376 19
1642022276403 0.5390360951423645 20
1642022279154 0.5360128283500671 21
1642022281995 0.5369262099266052 22
1642022284830 0.529179036617279 23
1642022287618 0.5314694046974182 24
1642022290485 0.5258501172065735 25
1642022293423 0.5198153853416443 26
1642022296437 0.5209094285964966 27
1642022299263 0.5169011354446411 28
1642022302127 0.5106166005134583 29
1642022305056 0.5038913488388062 30
1642022307818 0.508855938911438 31
1642022310734 0.5065943598747253 32
1642022313653 0.5091253519058228 33
1642022316534 0.5019735097885132 34
1642022319489 0.49738413095474243 35
1642022322552 0.49795567989349365 36
1642022325604 0.49450188875198364 37
1642022328667 0.4922361671924591 38
1642022331665 0.48650190234184265 39
1642022334540 0.4844655990600586 40
1642022337378 0.4842512011528015 41
1642022340248 0.4804341495037079 42
1642022343010 0.4792037308216095 43
1642022345922 0.47731947898864746 44
1642022348812 0.47745609283447266 45
1642022351708 0.4728838801383972 46
1642022354614 0.467423677444458 47
1642022357522 0.46959730982780457 48
1642022360528 0.46804994344711304 49
1642022363437 0.46365952491760254 50
1642022366304 0.4588434100151062 51
1642022369077 0.4626685082912445 52
1642022371932 0.46212366223335266 53
1642022374889 0.45569372177124023 54
1642022377851 0.4562020003795624 55
1642022380980 0.45322832465171814 56
1642022383964 0.4542933702468872 57
1642022387008 0.44950181245803833 58
1642022390197 0.44586101174354553 59
1642022393163 0.43746259808540344 60
1642022396058 0.43915852904319763 61
1642022398937 0.4382072687149048 62
1642022401747 0.4371928870677948 63
1642022404543 0.44220393896102905 64
1642022407416 0.4361591935157776 65
1642022410353 0.4313507676124573 66
1642022413295 0.4301256537437439 67
1642022416177 0.4235575497150421 68
1642022419187 0.42605987191200256 69
1642022422159 0.4335269629955292 70
1642022425246 0.4246053993701935 71
1642022428299 0.42606794834136963 72
1642022431203 0.42231032252311707 73
1642022434124 0.4176032245159149 74
1642022437201 0.4168742597103119 75
1642022440171 0.4157032072544098 76
1642022443061 0.411857932806015 77
1642022445916 0.4197598993778229 78
1642022448733 0.4161771237850189 79
