1642009130077 0.668305516242981 0
1642009130948 0.5738729238510132 1
1642009131896 0.5397230386734009 2
1642009132749 0.5206259489059448 3
1642009133545 0.5197587013244629 4
1642009134263 0.5132694244384766 5
1642009134975 0.49057427048683167 6
1642009135686 0.4880068302154541 7
1642009136360 0.47869694232940674 8
1642009137067 0.4686019718647003 9
1642009137777 0.45814454555511475 10
1642009138462 0.4530509114265442 11
1642009139164 0.4399271309375763 12
1642009139877 0.43075963854789734 13
1642009140590 0.41330787539482117 14
1642009141293 0.40569227933883667 15
1642009141974 0.395778626203537 16
1642009142686 0.38553181290626526 17
1642009143396 0.3723180890083313 18
1642009144100 0.3599948287010193 19
