1642010676198 0.09233318269252777 0
1642010677248 0.06897369772195816 1
1642010678229 0.062370363622903824 2
1642010679155 0.05943864956498146 3
1642010680077 0.057784244418144226 4
1642010681005 0.05754159390926361 5
1642010681910 0.05596327781677246 6
1642010682831 0.055152833461761475 7
1642010683719 0.05486167594790459 8
1642010684650 0.05453071370720863 9
1642010685542 0.05378102511167526 10
1642010686467 0.053010694682598114 11
1642010687380 0.05292429029941559 12
1642010688319 0.052616313099861145 13
1642010689226 0.05237003043293953 14
1642010690158 0.05142715945839882 15
1642010691055 0.05165805295109749 16
1642010691992 0.050857868045568466 17
1642010692895 0.0506284236907959 18
1642010693826 0.05047261714935303 19
1642010694717 0.049455754458904266 20
1642010695649 0.050099827349185944 21
1642010696548 0.04907425865530968 22
1642010697474 0.04887843504548073 23
1642010698402 0.048445072025060654 24
1642010699329 0.048492707312107086 25
1642010700229 0.047971151769161224 26
1642010701163 0.04750743880867958 27
1642010702099 0.04731855168938637 28
1642010703009 0.046658989042043686 29
1642010703915 0.04638354107737541 30
1642010704837 0.046196721494197845 31
1642010705765 0.04559195414185524 32
1642010706690 0.0448162779211998 33
1642010707616 0.04453963041305542 34
1642010708541 0.044176213443279266 35
1642010709459 0.04395383596420288 36
1642010710377 0.043519724160432816 37
1642010711276 0.0431719534099102 38
1642010712203 0.04250708222389221 39
