1641481204085 0.210871621966362 0
1641481207231 0.07969298958778381 2
1641481210264 0.06024565547704697 4
1641481213637 0.05821109563112259 6
1641481216982 0.05792158842086792 8
1641481220062 0.05663000047206879 10
1641481223241 0.0565829873085022 12
1641481226477 0.055652838200330734 14
1641481229525 0.05478593707084656 16
1641481232570 0.05452318117022514 18
1641481235768 0.05353264883160591 20
1641481239982 0.052814386785030365 22
1641481243080 0.052275802940130234 24
1641481246227 0.0515642911195755 26
1641481249296 0.051147688180208206 28
1641481252353 0.05063892900943756 30
1641481255297 0.050159845501184464 32
1641481258268 0.04974284768104553 34
1641481261214 0.048712387681007385 36
1641481264167 0.0487063005566597 38
1641481267258 0.0481160506606102 40
1641481270347 0.048035942018032074 42
1641481273419 0.04798433184623718 44
1641481276484 0.04771020635962486 46
1641481279650 0.04648949205875397 48
1641481282690 0.046748846769332886 50
1641481285651 0.04740634560585022 52
1641481288619 0.04532156512141228 54
1641481291584 0.045118361711502075 56
1641481294512 0.045063044875860214 58
1641481297455 0.04444637894630432 60
1641481300835 0.045224979519844055 62
1641481304420 0.04348532482981682 64
1641481307741 0.04445774108171463 66
1641481310916 0.04419797286391258 68
1641481314214 0.04374543949961662 70
1641481317447 0.04305078461766243 72
1641481320424 0.04270830377936363 74
1641481323394 0.043190374970436096 76
1641481326689 0.04261401668190956 78
