1642032078705 1.0832996368408203 0
1642032079771 0.8091942667961121 1
1642032080775 0.7686317563056946 2
1642032081829 0.7349703311920166 3
1642032082704 0.7130133509635925 4
1642032083627 0.6998320817947388 5
1642032084430 0.6757509708404541 6
1642032085231 0.6586763262748718 7
1642032086027 0.6532485485076904 8
1642032086835 0.6484646797180176 9
1642032087634 0.647209882736206 10
1642032088435 0.6346566081047058 11
1642032089236 0.6329301595687866 12
1642032090073 0.6179964542388916 13
1642032090882 0.6238250136375427 14
1642032091649 0.611230194568634 15
1642032092450 0.6053650379180908 16
1642032093248 0.6085063815116882 17
1642032094048 0.5935083627700806 18
1642032094851 0.5985112190246582 19
1642032095652 0.5943883061408997 20
1642032096463 0.590828537940979 21
1642032097266 0.5837947130203247 22
1642032098067 0.588762640953064 23
1642032098874 0.5841295123100281 24
1642032099676 0.5832898020744324 25
1642032100475 0.5790563821792603 26
1642032101279 0.5743588805198669 27
1642032102089 0.5764747858047485 28
1642032102895 0.574415385723114 29
1642032103715 0.5739477872848511 30
1642032104524 0.5783729553222656 31
1642032105324 0.575481653213501 32
1642032106130 0.568094789981842 33
1642032106936 0.5609378218650818 34
1642032107742 0.5659933686256409 35
1642032108554 0.5671120882034302 36
1642032109356 0.5650096535682678 37
1642032110152 0.5627698302268982 38
1642032110961 0.5545321106910706 39
1642032111768 0.5652658939361572 40
1642032112577 0.5576993227005005 41
1642032113384 0.5652444958686829 42
1642032114189 0.5584420561790466 43
1642032114996 0.5579121112823486 44
1642032115800 0.5524554252624512 45
1642032116607 0.544009268283844 46
1642032117411 0.5520786046981812 47
1642032118221 0.554514467716217 48
1642032119028 0.5500244498252869 49
1642032119832 0.5450101494789124 50
1642032120642 0.54349684715271 51
1642032121450 0.5427260398864746 52
1642032122257 0.5406839847564697 53
1642032123097 0.5369738340377808 54
1642032123963 0.5354626178741455 55
1642032124823 0.5347011685371399 56
1642032125637 0.5335388779640198 57
1642032126448 0.5415915846824646 58
1642032127258 0.5342271327972412 59
1642032128071 0.5274564027786255 60
1642032128881 0.5297662615776062 61
1642032129681 0.5293313264846802 62
1642032130489 0.525908350944519 63
1642032131291 0.529909074306488 64
1642032132109 0.5209642052650452 65
1642032132916 0.5245419144630432 66
1642032133727 0.5267705917358398 67
1642032134527 0.5194047093391418 68
1642032135332 0.5201345086097717 69
1642032136134 0.5155773162841797 70
1642032136947 0.5213597416877747 71
1642032137761 0.5131419897079468 72
1642032138559 0.5153986811637878 73
1642032139372 0.5190296173095703 74
1642032140181 0.5195181369781494 75
1642032140986 0.5177419781684875 76
1642032141794 0.5074040293693542 77
1642032142595 0.508172333240509 78
1642032143407 0.5130501985549927 79
1642032144213 0.5109255313873291 80
1642032145013 0.5048213005065918 81
1642032145820 0.5048083066940308 82
1642032146618 0.5026988983154297 83
1642032147434 0.5049231648445129 84
1642032148242 0.5056505799293518 85
1642032149039 0.5025092363357544 86
1642032149839 0.4964626133441925 87
1642032150643 0.5089037418365479 88
1642032151484 0.4965464472770691 89
1642032152289 0.49489521980285645 90
1642032153096 0.5048457980155945 91
1642032153901 0.5021405816078186 92
1642032154714 0.502612829208374 93
1642032155516 0.4953266382217407 94
1642032156320 0.5014622807502747 95
1642032157107 0.4972706139087677 96
1642032157915 0.4978623688220978 97
1642032158675 0.49418139457702637 98
1642032159481 0.49158963561058044 99
1642032160328 0.49193716049194336 100
1642032161092 0.4912492334842682 101
1642032161901 0.49003759026527405 102
1642032162706 0.4934470057487488 103
1642032163523 0.48952969908714294 104
1642032164330 0.49341556429862976 105
1642032165135 0.49084538221359253 106
1642032165944 0.48482954502105713 107
1642032166751 0.4810391962528229 108
1642032167585 0.48319825530052185 109
1642032168368 0.4876745343208313 110
1642032169175 0.4863400161266327 111
1642032169977 0.4867369830608368 112
1642032170790 0.4838530421257019 113
1642032171603 0.47886762022972107 114
1642032172408 0.4806191027164459 115
1642032173212 0.47667136788368225 116
1642032174022 0.4810976982116699 117
1642032174829 0.482155442237854 118
1642032175631 0.476540207862854 119
