1641394626562 1687.4007568359375 0
1641394629714 369.7567443847656 2
1641394632641 87.1773681640625 4
1641394635480 27.252201080322266 6
1641394638339 13.011940956115723 8
1641394641219 4.500617504119873 10
1641394643999 2.26582932472229 12
1641394647002 1.4050863981246948 14
1641394649734 1.0751432180404663 16
1641394652543 13.386629104614258 18
1641394655329 0.096326544880867 20
1641394658045 0.5765650272369385 22
1641394661127 0.17946618795394897 24
1641394663881 0.1708449125289917 26
1641394666662 0.29533275961875916 28
1641394669840 27.265470504760742 30
1641394672539 0.10479728132486343 32
1641394675324 0.22884485125541687 34
1641394678041 72.58647155761719 36
1641394680797 0.48079895973205566 38
