1642024655620 0.07270190119743347 0
1642024656695 0.057713188230991364 1
1642024657903 0.05463669076561928 2
1642024658976 0.05316508188843727 3
1642024659950 0.052651211619377136 4
1642024660877 0.050747621804475784 5
1642024661833 0.04965672641992569 6
1642024662745 0.04882781207561493 7
1642024663669 0.04811158403754234 8
1642024664587 0.047169290482997894 9
1642024665499 0.0467548705637455 10
1642024666411 0.045127514749765396 11
1642024667356 0.045124880969524384 12
1642024668286 0.04292832687497139 13
1642024669201 0.04252177104353905 14
1642024670122 0.04188530519604683 15
1642024671066 0.04054408520460129 16
1642024672004 0.03895789757370949 17
1642024672923 0.03840016573667526 18
1642024673877 0.03617888316512108 19
1642024674808 0.03562801703810692 20
1642024675722 0.035043951123952866 21
1642024676686 0.03306785225868225 22
1642024677619 0.0321502611041069 23
1642024678533 0.030657269060611725 24
1642024679455 0.029795905575156212 25
1642024680393 0.02813130058348179 26
1642024681349 0.02822783775627613 27
1642024682265 0.025657756254076958 28
1642024683182 0.025724956765770912 29
1642024684142 0.02479267492890358 30
1642024685077 0.023439645767211914 31
1642024685991 0.022247206419706345 32
1642024686909 0.021450500935316086 33
1642024687832 0.021487275138497353 34
1642024688757 0.020460017025470734 35
1642024689677 0.019583476707339287 36
1642024690593 0.019513029605150223 37
1642024691511 0.018812282010912895 38
1642024692385 0.019108636304736137 39
