1641346958043 1757.25 0
1641346958828 514.8456420898438 1
1641346959638 349.8147277832031 2
1641346960518 468.2578125 3
1641346961557 293.0419006347656 4
1641346962315 98.01687622070312 5
1641346963072 60.44153594970703 6
1641346963787 51.394859313964844 7
1641346964518 48.2838249206543 8
1641346965296 48.17144775390625 9
1641346966013 39.70926284790039 10
1641346966777 44.217105865478516 11
1641346967506 71.81636810302734 12
1641346968227 29.095537185668945 13
1641346968947 17.16724967956543 14
1641346969702 11.040504455566406 15
1641346970402 7.196193695068359 16
1641346971103 8.052420616149902 17
1641346971799 15.351865768432617 18
1641346972525 8.945643424987793 19
