1642009150313 0.7130358815193176 0
1642009151403 0.6232448816299438 1
1642009152376 0.5869883298873901 2
1642009153337 0.5656707882881165 3
1642009154176 0.5593936443328857 4
1642009155023 0.5471872687339783 5
1642009155925 0.5408248901367188 6
1642009156792 0.5348379015922546 7
1642009157658 0.5288997888565063 8
1642009158514 0.5209617018699646 9
1642009159358 0.5164695978164673 10
1642009160217 0.5162243247032166 11
1642009161080 0.5107704997062683 12
1642009161917 0.5072647929191589 13
1642009162768 0.5055897235870361 14
1642009163616 0.5021545886993408 15
1642009164453 0.49277547001838684 16
1642009165276 0.49105510115623474 17
1642009166119 0.48534131050109863 18
1642009166960 0.48204725980758667 19
