1641938500837 0.0986640602350235 0
1641938503997 0.06727254390716553 1
1641938506614 0.06223543360829353 2
1641938509260 0.06127305328845978 3
1641938511874 0.05961289629340172 4
1641938514539 0.05893760174512863 5
1641938517151 0.05807695537805557 6
1641938519812 0.057876020669937134 7
1641938522348 0.05729794502258301 8
1641938524919 0.056559689342975616 9
1641938527496 0.056184377521276474 10
1641938530059 0.05528539791703224 11
1641938532708 0.055196501314640045 12
1641938535226 0.05448521301150322 13
1641938537874 0.05360374227166176 14
1641938540541 0.054679565131664276 15
1641938543316 0.05276792123913765 16
1641938546172 0.05190832167863846 17
1641938548880 0.05171385779976845 18
1641938551644 0.05148392170667648 19
1641938554317 0.05014704540371895 20
1641938556980 0.05024346709251404 21
1641938559715 0.04945708066225052 22
1641938562485 0.04903964698314667 23
1641938565103 0.04870562627911568 24
1641938567851 0.04843546822667122 25
1641938570683 0.047757040709257126 26
1641938573323 0.04730997979640961 27
1641938576142 0.0466931015253067 28
1641938578889 0.04564574360847473 29
1641938581481 0.045207429677248 30
1641938584249 0.04484843835234642 31
1641938586933 0.04467879608273506 32
1641938589432 0.04409225285053253 33
1641938591963 0.04398078843951225 34
1641938594614 0.043583568185567856 35
1641938597246 0.042946167290210724 36
1641938599826 0.04212665930390358 37
1641938602265 0.042720235884189606 38
1641938604661 0.04199475795030594 39
1641938607151 0.04161805287003517 40
1641938609493 0.0406663604080677 41
1641938611829 0.04033540561795235 42
1641938614108 0.04029456153512001 43
1641938616432 0.03991033881902695 44
1641938618774 0.040446165949106216 45
1641938621075 0.03847658261656761 46
1641938623454 0.03872063010931015 47
1641938625794 0.03852665051817894 48
1641938628123 0.03809332475066185 49
1641938630488 0.037980660796165466 50
1641938632780 0.03760230168700218 51
1641938635128 0.03775046020746231 52
1641938637455 0.03667999058961868 53
1641938639842 0.03636527061462402 54
1641938642215 0.036223769187927246 55
1641938644613 0.036089520901441574 56
1641938646895 0.03548427298665047 57
1641938649214 0.035171594470739365 58
1641938651577 0.03560657426714897 59
1641938653941 0.035395003855228424 60
1641938656286 0.035141196101903915 61
1641938658617 0.03443510830402374 62
1641938661024 0.034647565335035324 63
1641938663367 0.03403433412313461 64
1641938665876 0.0338706374168396 65
1641938668521 0.03409409895539284 66
1641938671291 0.033595968037843704 67
1641938673878 0.03266220912337303 68
1641938676443 0.033296842128038406 69
1641938678988 0.033118247985839844 70
1641938681503 0.033355824649333954 71
1641938683995 0.0325104296207428 72
1641938686414 0.03161255270242691 73
1641938688980 0.032324425876140594 74
1641938691414 0.03180718421936035 75
1641938693849 0.03169234097003937 76
1641938696335 0.0317830927670002 77
1641938698831 0.031568821519613266 78
1641938701277 0.031212911009788513 79
1641938703630 0.031125357374548912 80
1641938706056 0.030981218442320824 81
1641938708403 0.030536504462361336 82
1641938710859 0.03050103224813938 83
1641938713365 0.030961139127612114 84
1641938715891 0.030599242076277733 85
1641938718456 0.030658574774861336 86
1641938721057 0.029504043981432915 87
1641938723466 0.030081486329436302 88
1641938725870 0.029284967109560966 89
1641938728254 0.02950936183333397 90
1641938730664 0.029452048242092133 91
1641938733180 0.029835842549800873 92
1641938735706 0.029640447348356247 93
1641938738292 0.02934868633747101 94
1641938740812 0.02902747131884098 95
1641938743370 0.029301844537258148 96
1641938745943 0.029361534863710403 97
1641938748452 0.02855003997683525 98
1641938751067 0.028651542961597443 99
1641938753633 0.028468236327171326 100
1641938756037 0.02847614884376526 101
1641938758414 0.0281582809984684 102
1641938760796 0.028728580102324486 103
1641938763229 0.028510557487607002 104
1641938765720 0.02869056910276413 105
1641938768312 0.027777498587965965 106
1641938770913 0.028465216979384422 107
1641938773289 0.028258487582206726 108
1641938775736 0.02790428325533867 109
1641938778174 0.027868730947375298 110
1641938780642 0.027848202735185623 111
1641938783209 0.02739260531961918 112
1641938785728 0.02790839783847332 113
1641938788152 0.027796568349003792 114
1641938790704 0.027410456910729408 115
1641938793263 0.028211211785674095 116
1641938795753 0.026841063052415848 117
1641938798269 0.026894034817814827 118
1641938800625 0.026994170621037483 119
