1642010638362 0.08036158978939056 0
1642010639280 0.06027177721261978 1
1642010640168 0.056585948914289474 2
1642010640970 0.053114961832761765 3
1642010641750 0.052738409489393234 4
1642010642514 0.05175008624792099 5
1642010643274 0.05100412294268608 6
1642010644056 0.050012215971946716 7
1642010644809 0.04901948943734169 8
1642010645591 0.04819207265973091 9
1642010646353 0.047074854373931885 10
1642010647130 0.045790620148181915 11
1642010647893 0.04535345360636711 12
1642010648645 0.0441969633102417 13
1642010649428 0.04344713315367699 14
1642010650183 0.043017297983169556 15
1642010650966 0.04219718277454376 16
1642010651736 0.041055209934711456 17
1642010652509 0.039535198360681534 18
1642010653283 0.03917425870895386 19
1642010654037 0.038043852895498276 20
1642010654832 0.03721839189529419 21
1642010655598 0.03697821497917175 22
1642010656360 0.03454054892063141 23
1642010657119 0.03394380956888199 24
1642010657900 0.03328821063041687 25
1642010658667 0.03272963687777519 26
1642010659428 0.03195102512836456 27
1642010660202 0.03113686665892601 28
1642010661009 0.030442409217357635 29
1642010661765 0.029305433854460716 30
1642010662555 0.028818050399422646 31
1642010663313 0.027852699160575867 32
1642010664109 0.02651662565767765 33
1642010664864 0.02674180269241333 34
1642010665626 0.0253449734300375 35
1642010666407 0.024601474404335022 36
1642010667175 0.02422192506492138 37
1642010667936 0.023649252951145172 38
1642010668731 0.02257409505546093 39
