1642033944387 0.385311096906662 0
1642033946209 0.10897228121757507 1
1642033947911 0.09226075559854507 2
1642033949312 0.08386131376028061 3
1642033950657 0.08033888041973114 4
1642033952025 0.07687139511108398 5
1642033953361 0.07526013255119324 6
1642033954746 0.07306908071041107 7
1642033956075 0.07168390601873398 8
1642033957457 0.07039528340101242 9
1642033958897 0.06901761889457703 10
1642033960299 0.06825987994670868 11
1642033961668 0.06699118763208389 12
1642033963064 0.06659836322069168 13
1642033964476 0.06617485731840134 14
1642033965896 0.0667777955532074 15
1642033967280 0.06523466110229492 16
1642033968661 0.06476132571697235 17
1642033970032 0.0647294670343399 18
1642033971373 0.06419795751571655 19
1642033972693 0.06385145336389542 20
1642033974107 0.06410276144742966 21
1642033975504 0.06288251280784607 22
1642033976856 0.06270717084407806 23
1642033978236 0.06500748544931412 24
1642033979568 0.06300078332424164 25
1642033980953 0.062340375036001205 26
1642033982331 0.06229829415678978 27
1642033983796 0.061340510845184326 28
1642033985187 0.061151642352342606 29
1642033986569 0.06145383417606354 30
1642033987929 0.06159214302897453 31
1642033989427 0.061906736344099045 32
1642033990859 0.0614430233836174 33
1642033992218 0.061232730746269226 34
1642033993596 0.060252733528614044 35
1642033994972 0.060853831470012665 36
1642033996389 0.06029093638062477 37
1642033997748 0.06072419136762619 38
1642033999131 0.05949876457452774 39
1642034000506 0.05965077504515648 40
1642034001841 0.06012327969074249 41
1642034003281 0.0593779981136322 42
1642034004668 0.05954389646649361 43
1642034005994 0.059452541172504425 44
1642034007424 0.05970373377203941 45
1642034008770 0.06009816378355026 46
1642034010088 0.058412954211235046 47
1642034011462 0.05855593457818031 48
1642034012828 0.058194827288389206 49
1642034014206 0.05817978084087372 50
1642034015591 0.05780541151762009 51
1642034016979 0.05799943953752518 52
1642034018316 0.05843739211559296 53
1642034019692 0.058480240404605865 54
1642034021026 0.057647041976451874 55
1642034022464 0.0571410171687603 56
1642034023856 0.057534754276275635 57
1642034025255 0.05703490227460861 58
1642034026680 0.05727904662489891 59
1642034028098 0.057704877108335495 60
1642034029495 0.05705265700817108 61
1642034030809 0.05729968100786209 62
1642034032181 0.057192087173461914 63
1642034033608 0.057205602526664734 64
1642034035007 0.056557994335889816 65
1642034036381 0.0565798319876194 66
1642034037775 0.057016924023628235 67
1642034039154 0.056330952793359756 68
1642034040600 0.05667144060134888 69
1642034041995 0.05706821009516716 70
1642034043298 0.05678359791636467 71
1642034044692 0.05644742399454117 72
1642034046032 0.05644042044878006 73
1642034047417 0.055965594947338104 74
1642034048789 0.0564124621450901 75
1642034050140 0.056279271841049194 76
1642034051537 0.05558688938617706 77
1642034052903 0.056646689772605896 78
1642034054274 0.05599747225642204 79
