1642022944646 0.8305335640907288 0
1642022945938 0.7331390976905823 1
1642022947155 0.6901584267616272 2
1642022948218 0.6456060409545898 3
1642022949290 0.6229792833328247 4
1642022950311 0.6062138080596924 5
1642022951411 0.5914535522460938 6
1642022952442 0.5708031058311462 7
1642022953550 0.5694304704666138 8
1642022954656 0.5638114809989929 9
1642022955654 0.55143141746521 10
1642022956760 0.5541499853134155 11
1642022957787 0.5435646772384644 12
1642022958870 0.542094349861145 13
1642022959915 0.5414129495620728 14
1642022960977 0.5357264876365662 15
1642022962088 0.5340180993080139 16
1642022963176 0.52474445104599 17
1642022964267 0.5296551585197449 18
1642022965315 0.5219976902008057 19
