1641940637255 0.08040788769721985 0
1641940640084 0.060476694256067276 1
1641940642611 0.057648152112960815 2
1641940645156 0.0561298243701458 3
1641940647640 0.05487927421927452 4
1641940650199 0.05435199663043022 5
1641940652661 0.0529855452477932 6
1641940655251 0.05212772637605667 7
1641940657784 0.051761433482170105 8
1641940660311 0.05109564587473869 9
1641940662846 0.050888340920209885 10
1641940665380 0.0493847094476223 11
1641940667925 0.048757389187812805 12
1641940670420 0.04850079119205475 13
1641940672956 0.046863920986652374 14
1641940675450 0.04615555331110954 15
1641940678055 0.045629777014255524 16
1641940680712 0.044922441244125366 17
1641940683353 0.04419706016778946 18
1641940685947 0.04332635551691055 19
1641940688521 0.04255685955286026 20
1641940691073 0.04197171330451965 21
1641940693646 0.040480900555849075 22
1641940696163 0.0401277095079422 23
1641940698703 0.03868040442466736 24
1641940701218 0.03858790174126625 25
1641940703918 0.037439920008182526 26
1641940706507 0.036474570631980896 27
1641940709045 0.035983819514513016 28
1641940711612 0.03491063043475151 29
1641940714287 0.03577660769224167 30
1641940716888 0.03369396552443504 31
1641940719458 0.032988112419843674 32
1641940722062 0.0321296788752079 33
1641940724583 0.03185658156871796 34
1641940727190 0.031301114708185196 35
1641940729699 0.030593931674957275 36
1641940732238 0.030122660100460052 37
1641940734696 0.02957514487206936 38
1641940737277 0.029271671548485756 39
1641940739771 0.028424521908164024 40
1641940742290 0.027741648256778717 41
1641940744827 0.027622872963547707 42
1641940747279 0.026448901742696762 43
1641940749822 0.026499802246689796 44
1641940752394 0.025717472657561302 45
1641940754938 0.02565399557352066 46
1641940757458 0.02542462758719921 47
1641940759947 0.024403084069490433 48
1641940762504 0.02440279722213745 49
1641940764964 0.02405327744781971 50
1641940767521 0.02378907799720764 51
1641940770092 0.023254938423633575 52
1641940772687 0.023142755031585693 53
1641940775273 0.022825654596090317 54
1641940777872 0.022504199296236038 55
1641940780386 0.023254519328475 56
1641940782827 0.021929768845438957 57
1641940785315 0.02164970524609089 58
1641940787780 0.021532123908400536 59
1641940790279 0.021157268434762955 60
1641940792734 0.02121770940721035 61
1641940795249 0.02039148472249508 62
1641940797874 0.021116595715284348 63
1641940800379 0.02036961354315281 64
1641940802907 0.0201384536921978 65
1641940805472 0.020808493718504906 66
1641940807961 0.020188063383102417 67
1641940810439 0.01912769116461277 68
1641940812994 0.019211160019040108 69
1641940815559 0.018603110685944557 70
1641940818051 0.01876506395637989 71
1641940820535 0.018405970185995102 72
1641940823073 0.018340863287448883 73
1641940825489 0.01848825067281723 74
1641940827909 0.0180219616740942 75
1641940830390 0.017567476257681847 76
1641940832862 0.018331008031964302 77
1641940835387 0.017359504476189613 78
1641940837833 0.017658978700637817 79
1641940840355 0.01779627799987793 80
1641940842837 0.016963401809334755 81
1641940845297 0.01711195707321167 82
1641940847810 0.01724708452820778 83
1641940850212 0.016597935929894447 84
1641940852687 0.016419677063822746 85
1641940855202 0.016430800780653954 86
1641940857639 0.016809318214654922 87
1641940860127 0.016415268182754517 88
1641940862638 0.016022877767682076 89
1641940865207 0.015577215701341629 90
1641940867736 0.017037592828273773 91
1641940870203 0.015536494553089142 92
1641940872592 0.015316437929868698 93
1641940875133 0.01611963100731373 94
1641940877577 0.015343851409852505 95
1641940880080 0.015198636800050735 96
1641940882513 0.01519883144646883 97
1641940884918 0.01493153814226389 98
1641940887466 0.015222886577248573 99
1641940889941 0.015102429315447807 100
1641940892477 0.015164858661592007 101
1641940894978 0.014543489553034306 102
1641940897419 0.015148418955504894 103
1641940899957 0.01451569702476263 104
1641940902446 0.014369097538292408 105
1641940904996 0.014285579323768616 106
1641940907523 0.014531129039824009 107
1641940910035 0.014106952585279942 108
1641940912585 0.014623258262872696 109
1641940915088 0.014576646499335766 110
1641940917636 0.014247292652726173 111
1641940920142 0.013622882775962353 112
1641940922565 0.013754128478467464 113
1641940925059 0.01424236036837101 114
1641940927471 0.01392652653157711 115
1641940930011 0.013511880300939083 116
1641940932486 0.013558813370764256 117
1641940934993 0.013784305192530155 118
1641940937538 0.01372147724032402 119
