1641957817575 0.07924846559762955 0
1641957818570 0.07244900614023209 1
1641957819503 0.07126070559024811 2
1641957820451 0.0701364278793335 3
1641957821370 0.07026446610689163 4
1641957822358 0.07022128999233246 5
1641957823340 0.07004152238368988 6
1641957824285 0.07012614607810974 7
1641957825206 0.07009223848581314 8
1641957826113 0.06960082054138184 9
1641957826991 0.07049527019262314 10
1641957827849 0.06936138868331909 11
1641957828722 0.06958801299333572 12
1641957829639 0.06973257660865784 13
1641957830519 0.06882777065038681 14
1641957831384 0.06881347298622131 15
1641957832252 0.06940137594938278 16
1641957833148 0.06930199265480042 17
1641957834027 0.06895554065704346 18
1641957834887 0.06886035203933716 19
