1641346922790 2022.304931640625 0
1641346924191 1098.4407958984375 1
1641346925612 374.7176208496094 2
1641346927109 196.22901916503906 3
1641346928460 55.89944076538086 4
1641346929813 53.75044250488281 5
1641346931175 30.862438201904297 6
1641346932516 23.760086059570312 7
1641346933867 15.458093643188477 8
1641346935248 5.400616645812988 9
1641346936548 3.860828161239624 10
1641346937851 2.4839439392089844 11
1641346939156 1.0848994255065918 12
1641346940486 1.7816351652145386 13
1641346941856 0.46312060952186584 14
1641346943249 24.442296981811523 15
1641346944465 7.146578311920166 16
1641346945769 0.18181079626083374 17
1641346947168 0.32620561122894287 18
1641346948466 0.34621086716651917 19
