1642029983978 1.0262172222137451 0
1642029986734 0.7886869311332703 1
1642029989156 0.7575407028198242 2
1642029991539 0.7485902905464172 3
1642029994053 0.7353870272636414 4
1642029996391 0.7123985290527344 5
1642029998741 0.6975765228271484 6
1642030001111 0.6907662749290466 7
1642030003498 0.681186318397522 8
1642030005956 0.6624979376792908 9
1642030008307 0.6625838875770569 10
1642030010667 0.6486534476280212 11
1642030013012 0.655913770198822 12
1642030015477 0.6467414498329163 13
1642030017914 0.636837899684906 14
1642030020404 0.6394672393798828 15
1642030022747 0.6377797722816467 16
1642030025102 0.6297165155410767 17
1642030027516 0.6263428330421448 18
1642030029828 0.6303415894508362 19
1642030032184 0.6210330128669739 20
1642030034534 0.6152704954147339 21
1642030036968 0.6143123507499695 22
1642030039336 0.6151291131973267 23
1642030041663 0.6158528923988342 24
1642030044013 0.6147078275680542 25
1642030046530 0.612637460231781 26
1642030048902 0.6091299057006836 27
1642030051246 0.5998647212982178 28
1642030053580 0.5993092656135559 29
1642030056046 0.6015995740890503 30
1642030058395 0.5990050435066223 31
1642030060764 0.5944403409957886 32
1642030063149 0.6043626070022583 33
1642030065560 0.5976684093475342 34
1642030067909 0.5916069746017456 35
1642030070249 0.6013316512107849 36
1642030072673 0.5950928330421448 37
1642030075057 0.5870955586433411 38
1642030077438 0.5962591171264648 39
1642030079784 0.5904350876808167 40
1642030082228 0.5938045382499695 41
1642030084578 0.5947404503822327 42
1642030086935 0.5868931412696838 43
1642030089398 0.5894622802734375 44
1642030091742 0.5848276615142822 45
1642030094101 0.5806519389152527 46
1642030096431 0.5830704569816589 47
1642030098877 0.5855810642242432 48
1642030101259 0.5867450833320618 49
1642030103638 0.5859447717666626 50
1642030106058 0.5939604640007019 51
1642030108447 0.5865113139152527 52
1642030110810 0.5822280049324036 53
1642030113161 0.5838505625724792 54
1642030115602 0.5827669501304626 55
1642030117958 0.587403416633606 56
1642030120316 0.5807735919952393 57
1642030122803 0.5841320157051086 58
1642030125153 0.5743805766105652 59
1642030127487 0.5702657699584961 60
1642030129967 0.5775096416473389 61
1642030132348 0.5709003806114197 62
1642030134734 0.5754185318946838 63
1642030137206 0.578389585018158 64
1642030139564 0.5786987543106079 65
1642030141928 0.578592836856842 66
1642030144382 0.5759473443031311 67
1642030146737 0.5665799379348755 68
1642030149113 0.5751720070838928 69
1642030151549 0.5749716758728027 70
1642030153942 0.5801479816436768 71
1642030156297 0.5743988156318665 72
1642030158766 0.5750792026519775 73
1642030161195 0.5710989832878113 74
1642030163566 0.5784379839897156 75
1642030166023 0.5734542608261108 76
1642030168409 0.5679395198822021 77
1642030170792 0.5698421001434326 78
1642030173233 0.5689762830734253 79
