1642037191671 0.5426958203315735 0
1642037192638 0.1332942098379135 1
1642037193567 0.107712022960186 2
1642037194425 0.09452682733535767 3
1642037195164 0.08926081657409668 4
1642037195899 0.08478976041078568 5
1642037196632 0.08172201365232468 6
1642037197362 0.07981816679239273 7
1642037198095 0.07784264534711838 8
1642037198824 0.07673103362321854 9
1642037199559 0.07535485923290253 10
1642037200287 0.0746050551533699 11
1642037201018 0.07286842912435532 12
1642037201751 0.07177035510540009 13
1642037202484 0.07104663550853729 14
1642037203212 0.07005802541971207 15
1642037203941 0.06914910674095154 16
1642037204674 0.06819566339254379 17
1642037205404 0.06761249154806137 18
1642037206138 0.0669834315776825 19
1642037206872 0.06629050523042679 20
1642037207611 0.06525547802448273 21
1642037208345 0.06559550017118454 22
1642037209084 0.06532356888055801 23
1642037209816 0.06443753093481064 24
1642037210550 0.06493652611970901 25
1642037211284 0.06401705741882324 26
1642037212014 0.06360945105552673 27
1642037212749 0.06322871893644333 28
1642037213478 0.06251365691423416 29
1642037214208 0.06280878186225891 30
1642037214940 0.06183313950896263 31
1642037215674 0.06300626695156097 32
1642037216404 0.06166192144155502 33
1642037217137 0.06153663992881775 34
1642037217874 0.06214148551225662 35
1642037218616 0.060995299369096756 36
1642037219354 0.06112920120358467 37
1642037220084 0.06084156781435013 38
1642037220817 0.060610488057136536 39
