1641939911215 0.09987930208444595 0
1641939914083 0.06704709678888321 1
1641939916705 0.06208707392215729 2
1641939919319 0.06042592599987984 3
1641939921949 0.05878870561718941 4
1641939924504 0.05772953853011131 5
1641939927118 0.056900039315223694 6
1641939929692 0.05660874396562576 7
1641939932268 0.05608130246400833 8
1641939934875 0.05594680458307266 9
1641939937438 0.0555567741394043 10
1641939940068 0.0548911914229393 11
1641939942682 0.05487238988280296 12
1641939945314 0.05437900125980377 13
1641939947923 0.05404286831617355 14
1641939950541 0.053290653973817825 15
1641939953214 0.05277331918478012 16
1641939955999 0.052154626697301865 17
1641939958656 0.05225775018334389 18
1641939961225 0.051172006875276566 19
1641939963833 0.05135774612426758 20
1641939966434 0.051237236708402634 21
1641939968999 0.05082033574581146 22
1641939971559 0.05066849663853645 23
1641939974166 0.050156790763139725 24
1641939976726 0.04973262548446655 25
1641939979357 0.049050673842430115 26
1641939981960 0.049053341150283813 27
1641939984567 0.04895811155438423 28
1641939987166 0.04800863936543465 29
1641939989724 0.04839262366294861 30
1641939992280 0.04788404703140259 31
1641939994893 0.04746473208069801 32
1641939997495 0.047624893486499786 33
1641940000093 0.04630924016237259 34
1641940002804 0.04630276933312416 35
1641940005399 0.045686185359954834 36
1641940008002 0.04579658433794975 37
1641940010558 0.04522964358329773 38
1641940013154 0.04495365545153618 39
1641940015761 0.044355135411024094 40
1641940018380 0.043895211070775986 41
1641940020998 0.04398457705974579 42
1641940023629 0.043766360729932785 43
1641940026190 0.04336186498403549 44
1641940028792 0.04279257357120514 45
1641940031406 0.0425761416554451 46
1641940033975 0.042390864342451096 47
1641940036576 0.04167446121573448 48
1641940039186 0.04177847132086754 49
1641940041760 0.04096836969256401 50
1641940044398 0.041227761656045914 51
1641940046953 0.041395895183086395 52
1641940049567 0.040537770837545395 53
1641940052205 0.03946524113416672 54
1641940054839 0.0410655252635479 55
1641940057464 0.03938097879290581 56
1641940060055 0.039346419274806976 57
1641940062670 0.03890643268823624 58
1641940065303 0.038235776126384735 59
1641940067880 0.038809798657894135 60
1641940070490 0.038626931607723236 61
1641940073097 0.03778878599405289 62
1641940075702 0.037738118320703506 63
1641940078287 0.03727145865559578 64
1641940080936 0.03701194003224373 65
1641940083562 0.03713514283299446 66
1641940086182 0.037196576595306396 67
1641940088805 0.03717537596821785 68
1641940091431 0.03657451644539833 69
1641940094039 0.03694166988134384 70
1641940096593 0.036267299205064774 71
1641940099221 0.0355418436229229 72
1641940101809 0.03513918071985245 73
1641940104464 0.03492483124136925 74
1641940107019 0.035950034856796265 75
1641940109634 0.03521992266178131 76
1641940112307 0.034283597022295 77
1641940114978 0.035035356879234314 78
1641940117684 0.03470735251903534 79
