1642036181579 0.1293102651834488 0
1642036184261 0.07743772864341736 1
1642036186997 0.07352149486541748 2
1642036189695 0.07057435065507889 3
1642036192404 0.068512924015522 4
1642036195124 0.0655929297208786 5
1642036197832 0.06444405764341354 6
1642036200574 0.0618935227394104 7
1642036203277 0.060769520699977875 8
1642036205981 0.05998208373785019 9
1642036208654 0.05992848053574562 10
1642036211391 0.05919041484594345 11
1642036214180 0.05914255604147911 12
1642036217049 0.05931444093585014 13
1642036219729 0.05742930620908737 14
1642036222442 0.05787662789225578 15
1642036225124 0.057206399738788605 16
1642036227846 0.05687524750828743 17
1642036230527 0.05620909109711647 18
1642036233253 0.056623674929142 19
1642036235988 0.05581195279955864 20
1642036238686 0.05525742843747139 21
1642036241422 0.05716564878821373 22
1642036244116 0.055240269750356674 23
1642036246828 0.05516147240996361 24
1642036249553 0.05406525731086731 25
1642036252297 0.05471531301736832 26
1642036254985 0.053855765610933304 27
1642036257715 0.05389581620693207 28
1642036260434 0.053451623767614365 29
1642036263148 0.05354087054729462 30
1642036265822 0.052908964455127716 31
1642036268542 0.05339730158448219 32
1642036271253 0.052943237125873566 33
1642036273966 0.05425845459103584 34
1642036276661 0.051637910306453705 35
1642036279345 0.051601942628622055 36
1642036282065 0.051602043211460114 37
1642036284741 0.051241837441921234 38
1642036287465 0.052399784326553345 39
1642036290176 0.051630955189466476 40
1642036292896 0.051042500883340836 41
1642036295600 0.051087722182273865 42
1642036298340 0.050819218158721924 43
1642036301048 0.05096210911870003 44
1642036303791 0.049983810633420944 45
1642036306494 0.05110985040664673 46
1642036309228 0.05843478813767433 47
1642036311966 0.050661422312259674 48
1642036314681 0.04915055260062218 49
1642036317386 0.04932206869125366 50
1642036320124 0.04900304600596428 51
1642036322849 0.05007687583565712 52
1642036325522 0.051048487424850464 53
1642036328254 0.04894261807203293 54
1642036330945 0.04832446575164795 55
1642036333683 0.04888356849551201 56
1642036336361 0.04820732772350311 57
1642036339086 0.05173243209719658 58
1642036341786 0.04843603074550629 59
1642036344511 0.047704823315143585 60
1642036347204 0.048140935599803925 61
1642036349947 0.04783393815159798 62
1642036352652 0.04773879796266556 63
1642036355388 0.04741952568292618 64
1642036358114 0.047612547874450684 65
1642036360808 0.04768908768892288 66
1642036363548 0.046450722962617874 67
1642036366257 0.04993641376495361 68
1642036369075 0.046625979244709015 69
1642036371769 0.04757878929376602 70
1642036374519 0.046888567507267 71
1642036377233 0.0468103289604187 72
1642036379983 0.046480096876621246 73
1642036382706 0.04547452554106712 74
1642036385430 0.0461881086230278 75
1642036388130 0.04586457088589668 76
1642036390860 0.045668020844459534 77
1642036393588 0.04642924666404724 78
1642036396262 0.04598714038729668 79
1642036398991 0.0462525375187397 80
1642036401671 0.048993974924087524 81
1642036404412 0.04690565541386604 82
1642036407122 0.045402150601148605 83
1642036409842 0.04406733438372612 84
1642036412522 0.04463343694806099 85
1642036415249 0.04565088078379631 86
1642036417940 0.04488573595881462 87
1642036420672 0.04397285729646683 88
1642036423378 0.04448626562952995 89
1642036426107 0.04438578709959984 90
1642036428809 0.045116085559129715 91
1642036431526 0.04384715110063553 92
1642036434243 0.04447034001350403 93
1642036436938 0.04462628811597824 94
1642036439692 0.0438322089612484 95
1642036442384 0.04452299326658249 96
1642036445115 0.043667711317539215 97
1642036447795 0.04207620024681091 98
1642036450532 0.042846813797950745 99
1642036453230 0.042623527348041534 100
1642036455965 0.044612232595682144 101
1642036458676 0.04369670897722244 102
1642036461396 0.043961431831121445 103
1642036464107 0.0419342927634716 104
1642036466843 0.041682709008455276 105
1642036469573 0.05504826828837395 106
1642036472296 0.050571929663419724 107
1642036475009 0.04360164701938629 108
1642036477704 0.044259753078222275 109
1642036480426 0.042434945702552795 110
1642036483124 0.04114799201488495 111
1642036485839 0.04236647114157677 112
1642036488527 0.04111673682928085 113
1642036491248 0.041936252266168594 114
1642036493947 0.04246235266327858 115
1642036496673 0.04298781231045723 116
1642036499393 0.041660357266664505 117
1642036502125 0.0425775982439518 118
1642036504814 0.04065055027604103 119
