1641956386561 0.08694407343864441 0
1641956387426 0.06647436320781708 1
1641956388232 0.062001366168260574 2
1641956389051 0.058867037296295166 3
1641956389833 0.0573943592607975 4
1641956390614 0.05640837550163269 5
1641956391428 0.05530679225921631 6
1641956392215 0.055151768028736115 7
1641956393028 0.055014412850141525 8
1641956393811 0.053150929510593414 9
1641956394625 0.05332987383008003 10
1641956395394 0.05273488536477089 11
1641956396216 0.05228142812848091 12
1641956396994 0.05198515206575394 13
1641956397814 0.051361605525016785 14
1641956398594 0.05127773806452751 15
1641956399414 0.050754889845848083 16
1641956400204 0.05058826878666878 17
1641956400978 0.0497596301138401 18
1641956401801 0.04942517355084419 19
1641956402576 0.049442779272794724 20
1641956403363 0.048906248062849045 21
1641956404178 0.04882661998271942 22
1641956404961 0.04787920042872429 23
1641956405768 0.047584168612957 24
1641956406562 0.0470176562666893 25
1641956407347 0.04769909754395485 26
1641956408175 0.046231966465711594 27
1641956408951 0.04601295292377472 28
1641956409773 0.04544728994369507 29
1641956410551 0.04504717141389847 30
1641956411333 0.04461812227964401 31
1641956412145 0.045288678258657455 32
1641956412933 0.04376743733882904 33
1641956413751 0.04369295760989189 34
1641956414537 0.04308878257870674 35
1641956415357 0.04279053956270218 36
1641956416139 0.04207201302051544 37
1641956416959 0.04160798341035843 38
1641956417741 0.04196452721953392 39
