1641937728692 0.21061493456363678 0
1641937730541 0.10184253752231598 1
1641937732102 0.07666277885437012 2
1641937733614 0.0658794641494751 3
1641937735156 0.061359211802482605 4
1641937736748 0.05943887680768967 5
1641937738377 0.05783355236053467 6
1641937740104 0.057732246816158295 7
1641937741849 0.05739402398467064 8
1641937743430 0.05709538608789444 9
1641937744965 0.05665953829884529 10
1641937746477 0.056515488773584366 11
1641937748125 0.05612717941403389 12
1641937749688 0.05616048723459244 13
1641937751313 0.05570270121097565 14
1641937752975 0.05483345687389374 15
1641937754602 0.05490710586309433 16
1641937756173 0.05454941466450691 17
1641937757740 0.054287124425172806 18
1641937759313 0.05435056984424591 19
1641937760898 0.05329155549407005 20
1641937762438 0.05300961062312126 21
1641937764141 0.05314086750149727 22
1641937765730 0.05272423103451729 23
1641937767321 0.052338648587465286 24
1641937768921 0.051775094121694565 25
1641937770570 0.052360501140356064 26
1641937772160 0.051877640187740326 27
1641937773960 0.05260187014937401 28
1641937775502 0.050277672708034515 29
1641937777091 0.050344862043857574 30
1641937778609 0.050357259809970856 31
1641937780236 0.04999987408518791 32
1641937781949 0.0508563332259655 33
1641937783576 0.05005238577723503 34
1641937785267 0.049989376217126846 35
1641937786963 0.04887149855494499 36
1641937788613 0.049378834664821625 37
1641937790313 0.0486498661339283 38
1641937792218 0.048945505172014236 39
1641937793838 0.04846048727631569 40
1641937795496 0.04810911417007446 41
1641937797171 0.04879382997751236 42
1641937798780 0.04950733110308647 43
1641937800445 0.04753953218460083 44
1641937802111 0.04787619784474373 45
1641937803837 0.04689076542854309 46
1641937805558 0.04730714485049248 47
1641937808117 0.047133177518844604 48
1641937809943 0.04662032052874565 49
1641937811573 0.04660080000758171 50
1641937813251 0.04648207500576973 51
1641937814945 0.04706347733736038 52
1641937816573 0.04600631073117256 53
1641937818331 0.04660787805914879 54
1641937820006 0.047371212393045425 55
1641937821749 0.0464857779443264 56
1641937823537 0.0467943511903286 57
1641937825278 0.045197200030088425 58
1641937827086 0.045793771743774414 59
1641937828951 0.04742579907178879 60
1641937830677 0.046912770718336105 61
1641937832382 0.04521520808339119 62
1641937834103 0.0487644337117672 63
1641937835775 0.04562747851014137 64
1641937837472 0.045667778700590134 65
1641937839182 0.04535556212067604 66
1641937840865 0.04452115297317505 67
1641937842567 0.0453658364713192 68
1641937844559 0.043770767748355865 69
1641937846342 0.04472225531935692 70
1641937848137 0.043429896235466 71
1641937850021 0.043513718992471695 72
1641937851842 0.0433560311794281 73
1641937853752 0.044923678040504456 74
1641937855635 0.04511319473385811 75
1641937857532 0.04209126532077789 76
1641937859404 0.04258928820490837 77
1641937861220 0.0438050739467144 78
1641937863234 0.043709710240364075 79
1641937865025 0.04299939051270485 80
1641937866717 0.04220748692750931 81
1641937868409 0.042611174285411835 82
1641937870087 0.04052092880010605 83
1641937871828 0.04123920202255249 84
1641937873544 0.04219537600874901 85
1641937875219 0.04198350012302399 86
1641937876933 0.041355714201927185 87
1641937878615 0.04086500033736229 88
1641937880314 0.04152853041887283 89
1641937881993 0.04414211958646774 90
1641937883709 0.041433874517679214 91
1641937885386 0.04085489362478256 92
1641937887049 0.04134640470147133 93
1641937888723 0.04194773733615875 94
1641937890444 0.04116177558898926 95
1641937892203 0.04210801050066948 96
1641937894203 0.04154876619577408 97
1641937895925 0.04157619923353195 98
1641937897600 0.04342633858323097 99
1641937899262 0.04040499031543732 100
1641937900915 0.03937375545501709 101
1641937902597 0.040912121534347534 102
1641937904319 0.041102539747953415 103
1641937905982 0.041376784443855286 104
1641937907646 0.042424388229846954 105
1641937909287 0.04193916916847229 106
1641937910964 0.04151301085948944 107
1641937912699 0.03855260834097862 108
1641937914353 0.03823675587773323 109
1641937916019 0.03902725875377655 110
1641937917680 0.039822839200496674 111
1641937919345 0.04089517891407013 112
1641937921074 0.03910980001091957 113
1641937922935 0.039956316351890564 114
1641937924662 0.03952981159090996 115
1641937926389 0.039533644914627075 116
1641937928224 0.0387137345969677 117
1641937929933 0.03984260931611061 118
1641937931733 0.038387447595596313 119
