1641938806580 0.22609078884124756 0
1641938807159 0.10058395564556122 1
1641938807674 0.08954037725925446 2
1641938808180 0.0812343955039978 3
1641938808795 0.07847413420677185 4
1641938809360 0.0743974819779396 5
1641938809903 0.07025859504938126 6
1641938810481 0.06910915672779083 7
1641938811035 0.06267140805721283 8
1641938811556 0.05974797159433365 9
1641938812046 0.061601076275110245 10
1641938812532 0.06009368225932121 11
1641938813056 0.05693644657731056 12
1641938813510 0.05398494005203247 13
1641938814086 0.05347411334514618 14
1641938814580 0.0540841743350029 15
1641938815122 0.05240800604224205 16
1641938815622 0.05366720259189606 17
1641938816110 0.05298078432679176 18
1641938816604 0.05141548067331314 19
1641938817103 0.053115688264369965 20
1641938817619 0.05379626154899597 21
1641938818124 0.0518343560397625 22
1641938818640 0.05053658038377762 23
1641938819126 0.05051311478018761 24
1641938819587 0.051507145166397095 25
1641938820132 0.051453910768032074 26
1641938820660 0.05024838075041771 27
1641938821165 0.050614889711141586 28
1641938821685 0.04966874048113823 29
1641938822149 0.050135545432567596 30
1641938822673 0.05047876760363579 31
1641938823152 0.05004951357841492 32
1641938823676 0.04920116066932678 33
1641938824178 0.04783978313207626 34
1641938824719 0.048710089176893234 35
1641938825190 0.04885878786444664 36
1641938825709 0.04861326888203621 37
1641938826215 0.04855871573090553 38
1641938826686 0.04970335215330124 39
1641938827201 0.04807069152593613 40
1641938827699 0.04705505073070526 41
1641938828180 0.048008356243371964 42
1641938828686 0.04791688919067383 43
1641938829186 0.04782557487487793 44
1641938829675 0.04727010428905487 45
1641938830188 0.04748549312353134 46
1641938830687 0.04713887348771095 47
1641938831176 0.04640581086277962 48
1641938831683 0.04697498679161072 49
1641938832174 0.04692048206925392 50
1641938832664 0.04650843143463135 51
1641938833185 0.04563526436686516 52
1641938833650 0.04615793004631996 53
1641938834171 0.045572955161333084 54
1641938834683 0.045937515795230865 55
1641938835147 0.04486701264977455 56
1641938835672 0.04618232324719429 57
1641938836181 0.04518855735659599 58
1641938836650 0.04550432413816452 59
1641938837185 0.045430947095155716 60
1641938837695 0.045094870030879974 61
1641938838173 0.045254338532686234 62
1641938838690 0.04428444430232048 63
1641938839190 0.04401258006691933 64
1641938839675 0.04336004704236984 65
1641938840182 0.04414596036076546 66
1641938840676 0.04320783168077469 67
1641938841170 0.04498929902911186 68
1641938841690 0.04353942722082138 69
1641938842197 0.04446784406900406 70
1641938842744 0.04404062032699585 71
1641938843272 0.04259607940912247 72
1641938843849 0.042959071695804596 73
1641938844341 0.042530715465545654 74
1641938844896 0.04219764098525047 75
1641938845405 0.04213198274374008 76
1641938845873 0.04265400394797325 77
1641938846388 0.042328380048274994 78
1641938846879 0.042168959975242615 79
