1642032781936 0.12662255764007568 0
1642032785593 0.0778476893901825 1
1642032788945 0.07232959568500519 2
1642032792341 0.06816145777702332 3
1642032795703 0.06624136865139008 4
1642032799118 0.06311924755573273 5
1642032802447 0.06154534965753555 6
1642032805878 0.060220859944820404 7
1642032809214 0.05975973978638649 8
1642032812548 0.05933631211519241 9
1642032815959 0.0579519160091877 10
1642032819270 0.05736856162548065 11
1642032822609 0.05724234879016876 12
1642032826016 0.05710951238870621 13
1642032829374 0.05649617314338684 14
1642032833050 0.05623207613825798 15
1642032836437 0.056369878351688385 16
1642032839798 0.0556277260184288 17
1642032843157 0.056273844093084335 18
1642032846513 0.05536828935146332 19
1642032849916 0.05403796583414078 20
1642032853325 0.0539206899702549 21
1642032856739 0.055244285613298416 22
1642032860123 0.05379429832100868 23
1642032863555 0.05424922704696655 24
1642032866970 0.052986808121204376 25
1642032870388 0.05362415686249733 26
1642032873739 0.05294705182313919 27
1642032877132 0.05354676395654678 28
1642032880541 0.05233030766248703 29
1642032883893 0.05252399295568466 30
1642032887285 0.05211792513728142 31
1642032890626 0.053286608308553696 32
1642032894030 0.05326658859848976 33
1642032897360 0.052405040711164474 34
1642032900763 0.05261510983109474 35
1642032904101 0.05176488682627678 36
1642032907440 0.051492590457201004 37
1642032910788 0.05115626007318497 38
1642032914182 0.051349371671676636 39
1642032917570 0.050987210124731064 40
1642032920911 0.050712794065475464 41
1642032924391 0.05048691853880882 42
1642032927800 0.05083027482032776 43
1642032931186 0.049881309270858765 44
1642032934518 0.05231916531920433 45
1642032937866 0.04971308261156082 46
1642032941262 0.05332912132143974 47
1642032944590 0.050697509199380875 48
1642032947968 0.049326468259096146 49
1642032951368 0.04863196983933449 50
1642032954704 0.049390219151973724 51
1642032958159 0.0492604561150074 52
1642032961581 0.049685727804899216 53
1642032964960 0.048944517970085144 54
1642032968364 0.04932399466633797 55
1642032971699 0.051338259130716324 56
1642032975115 0.048360999673604965 57
1642032978549 0.04790199175477028 58
1642032981960 0.049174752086400986 59
1642032985315 0.048864442855119705 60
1642032988712 0.04935199394822121 61
1642032992129 0.04841230809688568 62
1642032995477 0.04870688170194626 63
1642032998824 0.04716213047504425 64
1642033002233 0.04861828684806824 65
1642033005638 0.04805895686149597 66
1642033009018 0.04740748926997185 67
1642033012433 0.04725418984889984 68
1642033015841 0.04745565727353096 69
1642033019283 0.04961496591567993 70
1642033022614 0.0868573859333992 71
1642033026027 0.04819873347878456 72
1642033029439 0.04705474153161049 73
1642033032786 0.04762883111834526 74
1642033036212 0.04536614567041397 75
1642033039615 0.045813921838998795 76
1642033043025 0.04633857682347298 77
1642033046431 0.04560962691903114 78
1642033049788 0.0459626168012619 79
