1641957841350 0.07612595707178116 0
1641957842195 0.07092998921871185 1
1641957843024 0.07085581868886948 2
1641957843811 0.06995806097984314 3
1641957844589 0.06984596699476242 4
1641957845393 0.07001956552267075 5
1641957846161 0.06970983743667603 6
1641957846942 0.06944722682237625 7
1641957847706 0.06918825954198837 8
1641957848501 0.06957083195447922 9
1641957849278 0.06910455226898193 10
1641957850044 0.06907637417316437 11
1641957850857 0.06876804679632187 12
1641957851644 0.06947130709886551 13
1641957852413 0.0692981705069542 14
1641957853185 0.06911105662584305 15
1641957853956 0.06846567243337631 16
1641957854742 0.06886459141969681 17
1641957855524 0.06831400841474533 18
1641957856322 0.06833625584840775 19
1641957857101 0.06857626885175705 20
1641957857871 0.0682598203420639 21
1641957858711 0.06854543089866638 22
1641957859531 0.06880839169025421 23
1641957860295 0.06840378791093826 24
1641957861075 0.0682699903845787 25
1641957861840 0.0683724582195282 26
1641957862616 0.06794422119855881 27
1641957863387 0.06871505081653595 28
1641957864159 0.06829535216093063 29
1641957864965 0.06821675598621368 30
1641957865737 0.0679846853017807 31
1641957866521 0.06839864701032639 32
1641957867292 0.06825998425483704 33
1641957868066 0.06809493154287338 34
1641957868886 0.06837272644042969 35
1641957869656 0.06833310425281525 36
1641957870446 0.06826850771903992 37
1641957871218 0.06827475130558014 38
1641957871997 0.06805794686079025 39
