1641939713118 0.0817539319396019 0
1641939715964 0.06055096164345741 1
1641939718363 0.05697748064994812 2
1641939720786 0.05512208864092827 3
1641939723186 0.05421314388513565 4
1641939725574 0.05313020944595337 5
1641939727971 0.053007420152425766 6
1641939730372 0.05226478353142738 7
1641939732732 0.05181299149990082 8
1641939735104 0.050664644688367844 9
1641939737493 0.05111376941204071 10
1641939739882 0.04994775727391243 11
1641939742261 0.04911107197403908 12
1641939744626 0.04826436564326286 13
1641939746995 0.047360047698020935 14
1641939749375 0.04653052240610123 15
1641939751804 0.045848648995161057 16
1641939754143 0.04504473879933357 17
1641939756699 0.04440651088953018 18
1641939759145 0.043101318180561066 19
1641939761547 0.041920337826013565 20
1641939763903 0.04149018973112106 21
1641939766260 0.04074373096227646 22
1641939768778 0.03943884000182152 23
1641939771218 0.03911750018596649 24
1641939773586 0.03792005404829979 25
1641939775959 0.03724566102027893 26
1641939778324 0.03607235848903656 27
1641939780702 0.036342889070510864 28
1641939783048 0.03458546847105026 29
1641939785405 0.03397787734866142 30
1641939787743 0.032960277050733566 31
1641939790148 0.03238857537508011 32
1641939792581 0.031991250813007355 33
1641939794986 0.03108571283519268 34
1641939797357 0.030598033219575882 35
1641939799750 0.029865672811865807 36
1641939802152 0.029058897867798805 37
1641939804595 0.028813622891902924 38
1641939807009 0.02764316275715828 39
1641939809392 0.027814943343400955 40
1641939811837 0.02672641910612583 41
1641939814238 0.02659202367067337 42
1641939816628 0.02616497129201889 43
1641939818988 0.02569020725786686 44
1641939821389 0.02549136057496071 45
1641939823769 0.024427862837910652 46
1641939826207 0.02445499412715435 47
1641939828602 0.023759182542562485 48
1641939830956 0.023500345647335052 49
1641939833343 0.022831270471215248 50
1641939835739 0.023331928998231888 51
1641939838181 0.02244611270725727 52
1641939840597 0.0218979362398386 53
1641939843006 0.0216992050409317 54
1641939845336 0.0207204669713974 55
1641939847757 0.02112465910613537 56
1641939850163 0.02120361663401127 57
1641939852558 0.020410222932696342 58
1641939854950 0.020085226744413376 59
1641939857360 0.020047178491950035 60
1641939859782 0.01960306242108345 61
1641939862226 0.019859399646520615 62
1641939864581 0.01962948404252529 63
1641939867017 0.01871606521308422 64
1641939869391 0.01899632066488266 65
1641939871781 0.01847665011882782 66
1641939874186 0.018092866986989975 67
1641939876599 0.018140627071261406 68
1641939879031 0.017915694043040276 69
1641939881377 0.017715351656079292 70
1641939883835 0.018650580197572708 71
1641939886227 0.01773969456553459 72
1641939888615 0.017024291679263115 73
1641939891018 0.016955923289060593 74
1641939893412 0.016994135454297066 75
1641939895812 0.017093822360038757 76
1641939898202 0.01725245639681816 77
1641939900559 0.016509270295500755 78
1641939902911 0.016257574781775475 79
