1642030430273 1.032119631767273 0
1642030432981 0.7820094227790833 1
1642030435431 0.7542690634727478 2
1642030437784 0.7376145720481873 3
1642030440187 0.7220974564552307 4
1642030442488 0.7078841328620911 5
1642030444893 0.6871880292892456 6
1642030447181 0.6719090342521667 7
1642030449585 0.6697121262550354 8
1642030451886 0.6666067838668823 9
1642030454346 0.6516801118850708 10
1642030456629 0.6532227993011475 11
1642030459089 0.6529889702796936 12
1642030461462 0.6410601735115051 13
1642030463873 0.6442090272903442 14
1642030466178 0.639148473739624 15
1642030468605 0.632252037525177 16
1642030470941 0.6291806101799011 17
1642030473459 0.6246055364608765 18
1642030475949 0.620758593082428 19
1642030478278 0.621948778629303 20
1642030480690 0.6211014986038208 21
1642030482997 0.6172871589660645 22
1642030485403 0.6161306500434875 23
1642030487699 0.6182491779327393 24
1642030490132 0.6239156723022461 25
1642030492416 0.6246347427368164 26
1642030494850 0.6127568483352661 27
1642030497174 0.6118202805519104 28
1642030499610 0.6213778853416443 29
1642030501911 0.6110208630561829 30
1642030504353 0.6138608455657959 31
1642030506678 0.6192808151245117 32
1642030509081 0.6011868715286255 33
1642030511397 0.610121488571167 34
1642030513832 0.6094480156898499 35
1642030516138 0.6023589372634888 36
1642030518545 0.6058233380317688 37
1642030520848 0.6019569635391235 38
1642030523267 0.5912618041038513 39
1642030525692 0.6007204055786133 40
1642030528064 0.6014518141746521 41
1642030530498 0.6013560891151428 42
1642030532834 0.6000761389732361 43
1642030535269 0.5963752269744873 44
1642030537575 0.6022603511810303 45
1642030540003 0.5942380428314209 46
1642030542339 0.5913844704627991 47
1642030544772 0.6009247899055481 48
1642030547070 0.5971277952194214 49
1642030549505 0.5917015671730042 50
1642030551806 0.5966960787773132 51
1642030554234 0.5925564169883728 52
1642030556647 0.5958298444747925 53
1642030559008 0.5974579453468323 54
1642030561455 0.5828956365585327 55
1642030563764 0.5950978398323059 56
1642030566191 0.5850169062614441 57
1642030568522 0.5900651812553406 58
1642030570970 0.5824320912361145 59
1642030573317 0.5825179219245911 60
1642030575759 0.6010357141494751 61
1642030578082 0.5917215347290039 62
1642030580534 0.5879231691360474 63
1642030582963 0.5826302766799927 64
1642030585291 0.5860099792480469 65
1642030587732 0.5833232402801514 66
1642030590041 0.5851044058799744 67
1642030592486 0.5811294913291931 68
1642030594819 0.58125901222229 69
1642030597260 0.584355354309082 70
1642030599590 0.5884977579116821 71
1642030602034 0.576007068157196 72
1642030604449 0.583685040473938 73
1642030606781 0.5809208154678345 74
1642030609226 0.5868844389915466 75
1642030611561 0.5875352025032043 76
1642030613982 0.5863704681396484 77
1642030616305 0.5835868716239929 78
1642030618763 0.5847931504249573 79
1642030621088 0.5858434438705444 80
1642030623546 0.581021249294281 81
1642030625951 0.5791622996330261 82
1642030628310 0.5842252373695374 83
1642030630753 0.5774317979812622 84
1642030633101 0.5826460719108582 85
1642030635558 0.5801162719726562 86
1642030637884 0.5902976393699646 87
1642030640346 0.5839703679084778 88
1642030642734 0.5891953110694885 89
1642030645114 0.5783455967903137 90
1642030647505 0.58193439245224 91
1642030649857 0.5692110657691956 92
1642030652228 0.5796249508857727 93
1642030654598 0.5826688408851624 94
1642030656966 0.5807684063911438 95
1642030659315 0.5724332332611084 96
1642030661661 0.5861689448356628 97
1642030664017 0.5856464505195618 98
1642030666383 0.5891942977905273 99
1642030668753 0.5819521546363831 100
1642030671094 0.5897465348243713 101
1642030673445 0.5814858078956604 102
1642030675794 0.5805360674858093 103
1642030678184 0.5888426899909973 104
1642030680542 0.5838133096694946 105
1642030682902 0.5781917572021484 106
1642030685265 0.5802908539772034 107
1642030687620 0.5799779295921326 108
1642030689979 0.5797073245048523 109
1642030692349 0.5755577087402344 110
1642030694719 0.580388069152832 111
1642030697068 0.586664617061615 112
1642030699452 0.5865268111228943 113
1642030701777 0.5864485502243042 114
1642030704172 0.5861369371414185 115
1642030706541 0.5833698511123657 116
1642030708896 0.5805604457855225 117
1642030711266 0.591917872428894 118
1642030713646 0.5710910558700562 119
