1641956311198 0.07420792430639267 0
1641956312015 0.05936834588646889 1
1641956312821 0.0553460456430912 2
1641956313589 0.05359093099832535 3
1641956314368 0.05215185508131981 4
1641956315072 0.05108245834708214 5
1641956315772 0.050243549048900604 6
1641956316514 0.048679906874895096 7
1641956317211 0.049007099121809006 8
1641956317950 0.04766494035720825 9
1641956318649 0.04664798453450203 10
1641956319391 0.045500703155994415 11
1641956320095 0.04504377767443657 12
1641956320793 0.04335154965519905 13
1641956321531 0.04268801584839821 14
1641956322229 0.04179108887910843 15
1641956322968 0.040850020945072174 16
1641956323672 0.03994902968406677 17
1641956324409 0.03827323019504547 18
1641956325111 0.037981435656547546 19
