1642010292188 0.08412520587444305 0
1642010293988 0.06277644634246826 1
1642010295799 0.05896814540028572 2
1642010297308 0.05807783827185631 3
1642010298716 0.05690561980009079 4
1642010300160 0.05599021911621094 5
1642010301570 0.054853055626153946 6
1642010303076 0.05417412519454956 7
1642010304526 0.05349024012684822 8
1642010305920 0.05326202139258385 9
1642010307433 0.05326084792613983 10
1642010308993 0.052784863859415054 11
1642010310527 0.05173477530479431 12
1642010312025 0.05142815783619881 13
1642010313499 0.051059458404779434 14
1642010314953 0.05065940320491791 15
1642010316370 0.0503699816763401 16
1642010317779 0.05068809539079666 17
1642010319217 0.0497317835688591 18
1642010320607 0.04928471893072128 19
1642010322024 0.04908083751797676 20
1642010323498 0.048431623727083206 21
1642010324912 0.047598838806152344 22
1642010326320 0.0481702946126461 23
1642010327817 0.04729282110929489 24
1642010329295 0.04702383652329445 25
1642010330810 0.046793173998594284 26
1642010332252 0.04596298933029175 27
1642010333769 0.04566080495715141 28
1642010335230 0.04541357606649399 29
1642010336693 0.044978927820920944 30
1642010338244 0.04458687826991081 31
1642010339736 0.04390422999858856 32
1642010341175 0.04367028549313545 33
1642010342640 0.043057769536972046 34
1642010344118 0.042930718511343 35
1642010345558 0.04219957813620567 36
1642010346952 0.04176844283938408 37
1642010348391 0.0420522578060627 38
1642010349871 0.04142191261053085 39
