1642036629925 0.2968340218067169 0
1642036631375 0.10259654372930527 1
1642036632722 0.08764510601758957 2
1642036633842 0.08005497604608536 3
1642036634973 0.07650762796401978 4
1642036636102 0.07485418021678925 5
1642036637232 0.07259346544742584 6
1642036638387 0.07137143611907959 7
1642036639517 0.07019021362066269 8
1642036640646 0.06770460307598114 9
1642036641760 0.06716480106115341 10
1642036642920 0.06713082641363144 11
1642036644049 0.06600610911846161 12
1642036645173 0.06651459634304047 13
1642036646299 0.06501948088407516 14
1642036647431 0.06557895988225937 15
1642036648576 0.06542323529720306 16
1642036649709 0.0647822692990303 17
1642036650828 0.06349031627178192 18
1642036651957 0.0638076588511467 19
1642036653108 0.06286236643791199 20
1642036654232 0.06334753334522247 21
1642036655366 0.06336714327335358 22
1642036656489 0.062276847660541534 23
1642036657638 0.06252704560756683 24
1642036658789 0.062212832272052765 25
1642036659915 0.06258732825517654 26
1642036661040 0.06147497892379761 27
1642036662170 0.061488907784223557 28
1642036663317 0.06188294664025307 29
1642036664448 0.06124012917280197 30
1642036665688 0.06185145303606987 31
1642036666889 0.06218057870864868 32
1642036668063 0.06173517927527428 33
1642036669186 0.06116853281855583 34
1642036670307 0.061202920973300934 35
1642036671437 0.06169629096984863 36
1642036672561 0.06043093651533127 37
1642036673718 0.05974232405424118 38
1642036674848 0.06099913641810417 39
1642036675974 0.06047193706035614 40
1642036677107 0.06013917922973633 41
1642036678260 0.059902261942625046 42
1642036679387 0.06012340635061264 43
1642036680520 0.059817422181367874 44
1642036681652 0.05951106548309326 45
1642036682777 0.05908475071191788 46
1642036683926 0.05963440239429474 47
1642036685068 0.0593864880502224 48
1642036686196 0.059506356716156006 49
1642036687325 0.058480821549892426 50
1642036688474 0.059029318392276764 51
1642036689610 0.05857108160853386 52
1642036690742 0.058340735733509064 53
1642036691871 0.05780189856886864 54
1642036693004 0.05856376513838768 55
1642036694171 0.05801288038492203 56
1642036695301 0.05884049832820892 57
1642036696430 0.05767442286014557 58
1642036697560 0.05798983573913574 59
1642036698713 0.05814804509282112 60
1642036699845 0.057614315301179886 61
1642036700983 0.056959282606840134 62
1642036702102 0.05714532732963562 63
1642036703233 0.056767433881759644 64
1642036704393 0.057242173701524734 65
1642036705527 0.05651430785655975 66
1642036706652 0.05765436962246895 67
1642036707766 0.05721034109592438 68
1642036708918 0.056600332260131836 69
1642036710049 0.05684557184576988 70
1642036711175 0.05615251883864403 71
1642036712304 0.055975012481212616 72
1642036713428 0.05698874220252037 73
1642036714584 0.05561824515461922 74
1642036715708 0.05572289973497391 75
1642036716833 0.055590782314538956 76
1642036717965 0.05584874004125595 77
1642036719114 0.0564383827149868 78
1642036720246 0.055959828197956085 79
