1642026667583 0.13650541007518768 0
1642026668697 0.08327548205852509 1
1642026669789 0.07567928731441498 2
1642026670883 0.06952271610498428 3
1642026671986 0.06599126011133194 4
1642026673101 0.06454889476299286 5
1642026674289 0.06157467141747475 6
1642026675394 0.060863807797431946 7
1642026676495 0.05969817563891411 8
1642026677635 0.059117745608091354 9
1642026678710 0.057832516729831696 10
1642026679794 0.05744458734989166 11
1642026680946 0.057534221559762955 12
1642026682042 0.056480523198843 13
1642026683157 0.056058838963508606 14
1642026684458 0.05578674003481865 15
1642026685825 0.055704668164253235 16
1642026687176 0.05506999045610428 17
1642026688595 0.055164698511362076 18
1642026689883 0.05415597930550575 19
1642026691191 0.05427522212266922 20
1642026692323 0.05417475476861 21
1642026693433 0.05340591073036194 22
1642026694582 0.05319640040397644 23
1642026695673 0.05303783342242241 24
1642026696793 0.05314035713672638 25
1642026697896 0.05279720947146416 26
1642026698993 0.052402399480342865 27
1642026700068 0.05225369706749916 28
1642026701160 0.05264640972018242 29
1642026702276 0.0520905926823616 30
1642026703378 0.05157563462853432 31
1642026704504 0.05085496976971626 32
1642026705666 0.05104878917336464 33
1642026706770 0.05094398558139801 34
1642026707935 0.05004853755235672 35
1642026709077 0.050948310643434525 36
1642026710186 0.04927344620227814 37
1642026711290 0.04963280260562897 38
1642026712382 0.049123696982860565 39
1642026713541 0.04855057969689369 40
1642026714627 0.048367053270339966 41
1642026715714 0.047801338136196136 42
1642026716846 0.047506269067525864 43
1642026717961 0.048118941485881805 44
1642026719059 0.04751221835613251 45
1642026720216 0.04696827754378319 46
1642026721358 0.04662161320447922 47
1642026722469 0.04677329584956169 48
1642026723575 0.04615481570363045 49
1642026724643 0.04587041959166527 50
1642026725773 0.04525429382920265 51
1642026726918 0.04517659172415733 52
1642026728071 0.044723253697156906 53
1642026729166 0.04443442076444626 54
1642026730263 0.043927308171987534 55
1642026731400 0.04409806802868843 56
1642026732599 0.04325329512357712 57
1642026733743 0.043395012617111206 58
1642026734889 0.04275310039520264 59
1642026736035 0.043627139180898666 60
1642026737120 0.04227224737405777 61
1642026738335 0.04201800748705864 62
1642026739428 0.041970908641815186 63
1642026740587 0.041476059705019 64
1642026741678 0.041405148804187775 65
1642026742858 0.040777210146188736 66
1642026743971 0.040577005594968796 67
1642026745103 0.04034716635942459 68
1642026746220 0.03972688317298889 69
1642026747297 0.0402604341506958 70
1642026748452 0.03963126987218857 71
1642026749527 0.03928423300385475 72
1642026750674 0.039006516337394714 73
1642026751763 0.038301240652799606 74
1642026752845 0.03974572941660881 75
1642026753999 0.03832206502556801 76
1642026755129 0.03826942667365074 77
1642026756218 0.03796950727701187 78
1642026757334 0.03812742605805397 79
