1641937366355 0.08328554034233093 0
1641937368671 0.06135522574186325 1
1641937370876 0.05856604874134064 2
1641937373184 0.05720880255103111 3
1641937375249 0.05678028240799904 4
1641937377305 0.054697707295417786 5
1641937379310 0.05480901896953583 6
1641937381369 0.05312751233577728 7
1641937383387 0.052423711866140366 8
1641937385372 0.05155819281935692 9
1641937387436 0.05099031701683998 10
1641937389450 0.05036449059844017 11
1641937391449 0.04908033832907677 12
1641937393455 0.04894217848777771 13
1641937395538 0.04748431220650673 14
1641937397597 0.046462591737508774 15
1641937399609 0.046010904014110565 16
1641937401804 0.04519936814904213 17
1641937403849 0.04436428099870682 18
1641937405954 0.043371908366680145 19
1641937407938 0.04240274801850319 20
1641937409926 0.04152848944067955 21
1641937411970 0.04076176509261131 22
1641937413978 0.04000740870833397 23
1641937415976 0.03905836492776871 24
1641937418023 0.0381414070725441 25
1641937420046 0.0368957482278347 26
1641937422033 0.03625311702489853 27
1641937424014 0.035577163100242615 28
1641937426023 0.035185135900974274 29
1641937428098 0.03397322818636894 30
1641937430094 0.03349810838699341 31
1641937432096 0.03242485597729683 32
1641937434096 0.031706154346466064 33
1641937436178 0.03123004548251629 34
1641937438207 0.03040604293346405 35
1641937440212 0.030116822570562363 36
1641937442232 0.02984476648271084 37
1641937444282 0.02947859838604927 38
1641937446300 0.02919493429362774 39
1641937448293 0.02804565243422985 40
1641937450304 0.02768014371395111 41
1641937452359 0.02743147313594818 42
1641937454373 0.026872672140598297 43
1641937456370 0.026202715933322906 44
1641937458371 0.02570657804608345 45
1641937460482 0.025819171220064163 46
1641937462489 0.025354940444231033 47
1641937464626 0.024695899337530136 48
1641937466975 0.024320203810930252 49
1641937469218 0.024112675338983536 50
1641937471370 0.024196388199925423 51
1641937473672 0.023280473425984383 52
1641937475924 0.023178525269031525 53
1641937478095 0.02279328927397728 54
1641937480235 0.022929826751351357 55
1641937482259 0.02211257815361023 56
1641937484287 0.02200164459645748 57
1641937486279 0.022064030170440674 58
1641937488397 0.02144574001431465 59
1641937490410 0.022683579474687576 60
1641937492455 0.02131943590939045 61
1641937494469 0.020458929240703583 62
1641937496521 0.020732175558805466 63
1641937498537 0.020675543695688248 64
1641937500564 0.0204171072691679 65
1641937502561 0.020519647747278214 66
1641937504605 0.019320014864206314 67
1641937506604 0.019711168482899666 68
1641937508642 0.019569067284464836 69
1641937510809 0.01928376778960228 70
1641937512888 0.019081152975559235 71
1641937514934 0.018930600956082344 72
1641937517111 0.018445046618580818 73
1641937519291 0.018500342965126038 74
1641937521603 0.018745262175798416 75
1641937523958 0.017980363219976425 76
1641937526133 0.017790067940950394 77
1641937528393 0.01825535111129284 78
1641937530532 0.01894218847155571 79
