1642036996911 0.14577636122703552 0
1642036998792 0.08052964508533478 1
1642037000333 0.07327155768871307 2
1642037001864 0.06729503720998764 3
1642037003396 0.06464193016290665 4
1642037004959 0.0634123906493187 5
1642037006493 0.06081952527165413 6
1642037008024 0.059488315135240555 7
1642037009581 0.05868690833449364 8
1642037011122 0.05810055136680603 9
1642037012654 0.05882062390446663 10
1642037014221 0.05753222480416298 11
1642037015858 0.0577268972992897 12
1642037017953 0.05721664056181908 13
1642037019715 0.057027410715818405 14
1642037021333 0.0568876750767231 15
1642037022943 0.05617908388376236 16
1642037024553 0.055429112166166306 17
1642037026281 0.0557544082403183 18
1642037027847 0.05512632802128792 19
1642037029461 0.055628374218940735 20
1642037031070 0.05561956390738487 21
1642037032872 0.054897110909223557 22
1642037034610 0.05473138391971588 23
1642037036189 0.05442630872130394 24
1642037037790 0.053205933421850204 25
1642037039413 0.05363355949521065 26
1642037040976 0.053478192538022995 27
1642037042559 0.052977073937654495 28
1642037044097 0.052850306034088135 29
1642037045672 0.05242214724421501 30
1642037047285 0.05225080996751785 31
1642037048862 0.05183681100606918 32
1642037050502 0.05185354873538017 33
1642037052079 0.05089576542377472 34
1642037053697 0.05127037689089775 35
1642037055331 0.050763070583343506 36
1642037056951 0.05151539668440819 37
1642037058546 0.050645362585783005 38
1642037060137 0.05042234808206558 39
1642037061765 0.04971851408481598 40
1642037063390 0.04953719303011894 41
1642037065022 0.049675848335027695 42
1642037066613 0.04942400008440018 43
1642037068254 0.048930373042821884 44
1642037069835 0.04891078546643257 45
1642037071389 0.048500653356313705 46
1642037072947 0.047753799706697464 47
1642037074481 0.04773068428039551 48
1642037076033 0.04728023335337639 49
1642037077696 0.04754931852221489 50
1642037079372 0.04675861820578575 51
1642037081078 0.04720204323530197 52
1642037082619 0.04744265228509903 53
1642037084236 0.046179722994565964 54
1642037085882 0.04630660638213158 55
1642037087513 0.0459783561527729 56
1642037089125 0.045723915100097656 57
1642037090656 0.045810386538505554 58
1642037092250 0.04555701091885567 59
1642037093874 0.04460737481713295 60
1642037095532 0.04497799649834633 61
1642037097234 0.04395924136042595 62
1642037098775 0.04498361423611641 63
1642037100309 0.04334652051329613 64
1642037101856 0.04369041323661804 65
1642037103390 0.04447876662015915 66
1642037104921 0.04326566681265831 67
1642037106458 0.04313959926366806 68
1642037108022 0.04237465187907219 69
1642037109555 0.042547110468149185 70
1642037111085 0.04251895099878311 71
1642037112644 0.04255719482898712 72
1642037114173 0.042871322482824326 73
1642037115701 0.041149210184812546 74
1642037117253 0.04169321805238724 75
1642037118785 0.04173773154616356 76
1642037120317 0.042593128979206085 77
1642037121861 0.04130183905363083 78
1642037123394 0.04080265015363693 79
1642037124927 0.04088253155350685 80
1642037126462 0.040968719869852066 81
1642037128014 0.04059798642992973 82
1642037129539 0.0407477542757988 83
1642037131067 0.03966531530022621 84
1642037132631 0.03978279232978821 85
1642037134158 0.03980273753404617 86
1642037135686 0.040102142840623856 87
1642037137233 0.039766568690538406 88
1642037138776 0.03879565745592117 89
1642037140305 0.039146289229393005 90
1642037141830 0.03862275928258896 91
1642037143383 0.038332946598529816 92
1642037144915 0.038174327462911606 93
1642037146441 0.03876596316695213 94
1642037148002 0.03815356269478798 95
1642037149532 0.03790003061294556 96
1642037151057 0.03829514607787132 97
1642037152622 0.03819091245532036 98
1642037154156 0.038034241646528244 99
1642037155690 0.03729335963726044 100
1642037157222 0.037757210433483124 101
1642037158786 0.03736758604645729 102
1642037160322 0.03633556514978409 103
1642037161850 0.03763222694396973 104
1642037163403 0.03727608919143677 105
1642037164937 0.03725428506731987 106
1642037166470 0.03721766546368599 107
1642037168023 0.0367351770401001 108
1642037169556 0.03590916469693184 109
1642037171095 0.03713403642177582 110
1642037172630 0.03651099652051926 111
1642037174198 0.03640204668045044 112
1642037175727 0.03529465198516846 113
1642037177262 0.03630105406045914 114
1642037178818 0.036610063165426254 115
1642037180353 0.03554924577474594 116
1642037181885 0.035400960594415665 117
1642037183431 0.036917366087436676 118
1642037184968 0.035827986896038055 119
