1641937939439 0.11241960525512695 0
1641937942052 0.06586369127035141 1
1641937944254 0.059966038912534714 2
1641937946327 0.058150652796030045 3
1641937948715 0.057645611464977264 4
1641937951183 0.05549085885286331 5
1641937953431 0.054766539484262466 6
1641937955569 0.05742909386754036 7
1641937957860 0.054131075739860535 8
1641937960028 0.05332516133785248 9
1641937962276 0.05276789516210556 10
1641937964493 0.05188712850213051 11
1641937966795 0.05119161680340767 12
1641937968886 0.0503569059073925 13
1641937971109 0.04988551139831543 14
1641937973261 0.048948097974061966 15
1641937975433 0.04841088503599167 16
1641937977515 0.04743458703160286 17
1641937979652 0.04649608954787254 18
1641937981932 0.04533775523304939 19
1641937984430 0.045277152210474014 20
1641937986682 0.0439964197576046 21
1641937988751 0.04308386892080307 22
1641937991023 0.0422203466296196 23
1641937993193 0.04172905161976814 24
1641937995340 0.04046379402279854 25
1641937997532 0.0395851768553257 26
1641937999703 0.03862416744232178 27
1641938001790 0.037806980311870575 28
1641938004001 0.03758317232131958 29
1641938006068 0.03632023185491562 30
1641938008764 0.03567063435912132 31
1641938010994 0.034950289875268936 32
1641938013287 0.03440243750810623 33
1641938015620 0.03338073939085007 34
1641938017861 0.03245284780859947 35
1641938020101 0.03234128654003143 36
1641938022325 0.03178190812468529 37
1641938024447 0.031363509595394135 38
1641938026621 0.03020823560655117 39
1641938028784 0.030074039474129677 40
1641938030921 0.02961781993508339 41
1641938033107 0.029545187950134277 42
1641938035306 0.029157504439353943 43
1641938037474 0.028202839195728302 44
1641938039741 0.028134437277913094 45
1641938041966 0.027651917189359665 46
1641938044170 0.027062803506851196 47
1641938046358 0.027269959449768066 48
1641938048621 0.026340819895267487 49
1641938050973 0.026508323848247528 50
1641938053236 0.025857072323560715 51
1641938055357 0.02486642636358738 52
1641938057543 0.025170210748910904 53
1641938059739 0.024764401838183403 54
1641938062052 0.024663034826517105 55
1641938064219 0.026818854734301567 56
1641938066403 0.023672033101320267 57
1641938068522 0.02307896502315998 58
1641938070780 0.02328619733452797 59
1641938072991 0.022898759692907333 60
1641938075146 0.02282719872891903 61
1641938077334 0.022699562832713127 62
1641938079543 0.022245176136493683 63
1641938081698 0.022236527875065804 64
1641938083927 0.021869022399187088 65
1641938086342 0.021682195365428925 66
1641938088453 0.021321259438991547 67
1641938090627 0.021128084510564804 68
1641938092773 0.02124457247555256 69
1641938094939 0.02047516033053398 70
1641938097106 0.020779430866241455 71
1641938099188 0.020541032776236534 72
1641938101389 0.020138144493103027 73
1641938103532 0.019787628203630447 74
1641938105673 0.019857998937368393 75
1641938107898 0.019505249336361885 76
1641938110117 0.02004527673125267 77
1641938112215 0.019385790452361107 78
1641938114451 0.019408727064728737 79
1641938116605 0.019269360229372978 80
1641938118782 0.018937524408102036 81
1641938120944 0.018661100417375565 82
1641938123067 0.01819019205868244 83
1641938125227 0.018624961376190186 84
1641938127493 0.018241336569190025 85
1641938129773 0.01769147999584675 86
1641938131978 0.01832803152501583 87
1641938134205 0.01991100423038006 88
1641938136457 0.017443154007196426 89
1641938138678 0.017353562638163567 90
1641938140982 0.01794455572962761 91
1641938143240 0.01742914319038391 92
1641938145317 0.017410945147275925 93
1641938147469 0.016969572752714157 94
1641938149579 0.016911379992961884 95
1641938151748 0.017070172354578972 96
1641938153896 0.016571108251810074 97
1641938155995 0.017116541042923927 98
1641938158195 0.01647678017616272 99
1641938160308 0.016162563115358353 100
1641938162457 0.016874630004167557 101
1641938164624 0.01600361429154873 102
1641938166765 0.016445403918623924 103
1641938168918 0.016171149909496307 104
1641938171037 0.016112543642520905 105
1641938173229 0.015596970915794373 106
1641938175370 0.015664976090192795 107
1641938177603 0.016026509925723076 108
1641938179786 0.015528052113950253 109
1641938182024 0.01559767872095108 110
1641938184154 0.015420136041939259 111
1641938186356 0.015450487844645977 112
1641938188604 0.015401995740830898 113
1641938190876 0.015522241592407227 114
1641938192998 0.01503103319555521 115
1641938195193 0.015412908047437668 116
1641938197337 0.014991776086390018 117
1641938199572 0.015454340726137161 118
1641938201760 0.0147338742390275 119
