1642024832018 0.15285472571849823 0
1642024833448 0.08136576414108276 1
1642024834973 0.07411392033100128 2
1642024836267 0.07075879722833633 3
1642024837567 0.06732667982578278 4
1642024838748 0.06484276056289673 5
1642024839882 0.062146250158548355 6
1642024841021 0.061415549367666245 7
1642024842160 0.06025870516896248 8
1642024843264 0.05849159508943558 9
1642024844385 0.057608462870121 10
1642024845488 0.05743179842829704 11
1642024846656 0.05685810744762421 12
1642024847732 0.05643438175320625 13
1642024848842 0.05606446787714958 14
1642024849987 0.05589355528354645 15
1642024851106 0.05485716834664345 16
1642024852212 0.055100638419389725 17
1642024853360 0.05465935543179512 18
1642024854513 0.054687853902578354 19
1642024855647 0.05402190238237381 20
1642024856766 0.05384138599038124 21
1642024857908 0.05374250188469887 22
1642024859036 0.053452957421541214 23
1642024860151 0.053545646369457245 24
1642024861272 0.05221594497561455 25
1642024862388 0.05322098359465599 26
1642024863528 0.053087662905454636 27
1642024864658 0.052067555487155914 28
1642024865771 0.052340541034936905 29
1642024866896 0.051590610295534134 30
1642024868005 0.05124606192111969 31
1642024869159 0.0512181781232357 32
1642024870316 0.05137963593006134 33
1642024871419 0.05064183101058006 34
1642024872512 0.050748128443956375 35
1642024873647 0.05001240596175194 36
1642024874761 0.050758905708789825 37
1642024875892 0.04985884949564934 38
1642024877007 0.05012136325240135 39
1642024878134 0.049118734896183014 40
1642024879245 0.04920237138867378 41
1642024880388 0.04974745959043503 42
1642024881518 0.04845910146832466 43
1642024882627 0.04856763780117035 44
1642024883793 0.048199884593486786 45
1642024884935 0.048080720007419586 46
1642024886095 0.04764140769839287 47
1642024887272 0.047763481736183167 48
1642024888410 0.04749470204114914 49
1642024889550 0.04699122533202171 50
1642024890693 0.04658534750342369 51
1642024891838 0.04646001383662224 52
1642024892963 0.04579104855656624 53
1642024894090 0.04586809501051903 54
1642024895206 0.04563932493329048 55
1642024896351 0.045415882021188736 56
1642024897485 0.045034315437078476 57
1642024898622 0.04536307230591774 58
1642024899719 0.044688884168863297 59
1642024900848 0.04468020796775818 60
1642024902002 0.04444073885679245 61
1642024903141 0.044502586126327515 62
1642024904246 0.04288645461201668 63
1642024905420 0.0435040108859539 64
1642024906549 0.043524496257305145 65
1642024907669 0.04299706965684891 66
1642024908801 0.04297070577740669 67
1642024909930 0.041946087032556534 68
1642024911078 0.04240738973021507 69
1642024912185 0.04210006073117256 70
1642024913335 0.04201279580593109 71
1642024914457 0.042607713490724564 72
1642024915567 0.04177725687623024 73
1642024916700 0.041200995445251465 74
1642024917818 0.04078022763133049 75
1642024918947 0.04035011678934097 76
1642024920043 0.04070056602358818 77
1642024921132 0.04092011973261833 78
1642024922268 0.040398795157670975 79
