1642025955289 0.1325330287218094 0
1642025957486 0.07924973219633102 1
1642025959240 0.07358935475349426 2
1642025961070 0.06803781539201736 3
1642025962810 0.06492353230714798 4
1642025964572 0.06330684572458267 5
1642025966340 0.06175388768315315 6
1642025968056 0.06040535494685173 7
1642025969816 0.05956116318702698 8
1642025971546 0.05901351943612099 9
1642025973315 0.05810170993208885 10
1642025975095 0.058394357562065125 11
1642025976862 0.05844293534755707 12
1642025978535 0.057455822825431824 13
1642025980364 0.05707798898220062 14
1642025982131 0.05676558241248131 15
1642025983831 0.05639398470520973 16
1642025985589 0.05624197795987129 17
1642025987263 0.05648370087146759 18
1642025989030 0.0559379942715168 19
