1642032182230 0.8659907579421997 0
1642032183595 0.7423635125160217 1
1642032184992 0.7029922604560852 2
1642032186201 0.6543225646018982 3
1642032187419 0.6315168142318726 4
1642032188487 0.6070674061775208 5
1642032189560 0.5966895818710327 6
1642032190664 0.5814648866653442 7
1642032191746 0.5765254497528076 8
1642032192810 0.5637633204460144 9
1642032193879 0.558771014213562 10
1642032194998 0.5530350208282471 11
1642032196059 0.5490110516548157 12
1642032197122 0.5473195910453796 13
1642032198235 0.5488319993019104 14
1642032199302 0.5373595952987671 15
1642032200404 0.5388555526733398 16
1642032201471 0.5280379056930542 17
1642032202532 0.5249955058097839 18
1642032203600 0.5273231267929077 19
1642032204713 0.5242116451263428 20
1642032205785 0.5211700797080994 21
1642032206860 0.5181254744529724 22
1642032207959 0.5169283151626587 23
1642032209034 0.5062475800514221 24
1642032210129 0.5033425092697144 25
1642032211210 0.5035714507102966 26
1642032212282 0.5012742877006531 27
1642032213386 0.4982675611972809 28
1642032214469 0.49445393681526184 29
1642032215530 0.4966031610965729 30
1642032216616 0.48434606194496155 31
1642032217704 0.4927137494087219 32
1642032218788 0.48447084426879883 33
1642032219888 0.4868226945400238 34
1642032220948 0.4841201901435852 35
1642032222028 0.47873347997665405 36
1642032223119 0.4786418676376343 37
1642032224211 0.47594770789146423 38
1642032225280 0.4700039327144623 39
1642032226373 0.4675552248954773 40
1642032227465 0.46460458636283875 41
1642032228530 0.4587262272834778 42
1642032229640 0.4658781588077545 43
1642032230712 0.45886510610580444 44
1642032231801 0.45636603236198425 45
1642032232889 0.449217826128006 46
1642032233963 0.4494868218898773 47
1642032235118 0.44452565908432007 48
1642032236254 0.4458293318748474 49
1642032237381 0.4460059404373169 50
1642032238449 0.44130703806877136 51
1642032239514 0.43892809748649597 52
1642032240577 0.43319958448410034 53
1642032241695 0.4294801950454712 54
1642032242755 0.4303106367588043 55
1642032243844 0.42595964670181274 56
1642032244933 0.4159764051437378 57
1642032246025 0.41972988843917847 58
1642032247105 0.4167119860649109 59
1642032248174 0.4090535044670105 60
1642032249292 0.41302821040153503 61
1642032250367 0.41372519731521606 62
1642032251429 0.4041789174079895 63
1642032252529 0.40970170497894287 64
1642032253608 0.3982549011707306 65
1642032254698 0.4034225046634674 66
1642032255784 0.39096325635910034 67
1642032256848 0.39524418115615845 68
1642032257955 0.3944925367832184 69
1642032259014 0.3918210566043854 70
1642032260095 0.39086613059043884 71
1642032261220 0.3872215151786804 72
1642032262281 0.3724827766418457 73
1642032263356 0.3815731704235077 74
1642032264411 0.3820870816707611 75
1642032265489 0.3797891139984131 76
1642032266582 0.3708798587322235 77
1642032267702 0.3734356462955475 78
1642032268780 0.3728557825088501 79
1642032269846 0.3781543970108032 80
1642032270948 0.3666965663433075 81
1642032272017 0.3707168698310852 82
1642032273113 0.3649701476097107 83
1642032274194 0.3582616150379181 84
1642032275262 0.3583773970603943 85
1642032276372 0.3521185517311096 86
1642032277442 0.35469692945480347 87
1642032278538 0.3575995862483978 88
1642032279613 0.352108359336853 89
1642032280705 0.34912049770355225 90
1642032281798 0.3453303575515747 91
1642032282866 0.33746588230133057 92
1642032283972 0.34260082244873047 93
1642032285042 0.33929547667503357 94
1642032286117 0.3402402698993683 95
1642032287190 0.3442561626434326 96
1642032288305 0.34081780910491943 97
1642032289363 0.3374701142311096 98
1642032290423 0.3359016180038452 99
1642032291542 0.3369751274585724 100
1642032292609 0.3409803509712219 101
1642032293677 0.3288258910179138 102
1642032294744 0.32945090532302856 103
1642032295855 0.33555346727371216 104
1642032296922 0.32279568910598755 105
1642032298032 0.3346945345401764 106
1642032299104 0.3235988914966583 107
1642032300203 0.3232197165489197 108
1642032301281 0.3225990831851959 109
1642032302343 0.3223806321620941 110
1642032303453 0.31891968846321106 111
1642032304538 0.3139335513114929 112
1642032305655 0.3228568434715271 113
1642032306725 0.31729137897491455 114
1642032307784 0.32018938660621643 115
1642032308901 0.3139696717262268 116
1642032309965 0.3097262978553772 117
1642032311071 0.3087218105792999 118
1642032312144 0.31088247895240784 119
