1641939365509 0.2351037710905075 0
1641939367672 0.0903366357088089 1
1641939369497 0.07618211954832077 2
1641939371300 0.0656142607331276 3
1641939373072 0.06181962043046951 4
1641939374838 0.05981660261750221 5
1641939376655 0.057813018560409546 6
1641939378529 0.05855692923069 7
1641939380347 0.057254988700151443 8
1641939382105 0.05725500360131264 9
1641939383931 0.056647978723049164 10
1641939385786 0.05632014572620392 11
1641939387572 0.05565877631306648 12
1641939389386 0.0558488592505455 13
1641939391198 0.05481500178575516 14
1641939393016 0.055011577904224396 15
1641939394851 0.054098159074783325 16
1641939396670 0.05370374768972397 17
1641939398490 0.05323515459895134 18
1641939400430 0.05307065322995186 19
1641939402348 0.05297866463661194 20
1641939404136 0.05270729586482048 21
1641939405953 0.05215005204081535 22
1641939407798 0.05206115543842316 23
1641939409556 0.05174218490719795 24
1641939411437 0.051469579339027405 25
1641939413193 0.05105430260300636 26
1641939415015 0.05065511539578438 27
1641939416833 0.05095496028661728 28
1641939418637 0.05011313036084175 29
1641939420465 0.05054430663585663 30
1641939422336 0.049364905804395676 31
1641939424180 0.04936222359538078 32
1641939426005 0.049034710973501205 33
1641939427815 0.04929184168577194 34
1641939429600 0.04866951331496239 35
1641939431447 0.0483190193772316 36
1641939433282 0.04844420775771141 37
1641939435086 0.04837185516953468 38
1641939436911 0.04773411527276039 39
1641939438740 0.047755900770425797 40
1641939440572 0.04740190505981445 41
1641939442399 0.04719720408320427 42
1641939444160 0.04715883359313011 43
1641939445973 0.0463651642203331 44
1641939447783 0.04714103788137436 45
1641939449602 0.046101756393909454 46
1641939451411 0.045684829354286194 47
1641939453246 0.04627455025911331 48
1641939455045 0.04569273069500923 49
1641939456856 0.04544210433959961 50
1641939458639 0.04506581649184227 51
1641939460455 0.04529493302106857 52
1641939462261 0.04591560736298561 53
1641939464090 0.04456959664821625 54
1641939465922 0.04396102949976921 55
1641939467756 0.04378960654139519 56
1641939469576 0.04548923671245575 57
1641939471414 0.044037651270627975 58
1641939473231 0.04390322044491768 59
1641939475044 0.043634429574012756 60
1641939476895 0.04346248134970665 61
1641939478759 0.044029951095581055 62
1641939480539 0.04338165745139122 63
1641939482414 0.04301760718226433 64
1641939484288 0.042699988931417465 65
1641939486128 0.04291535168886185 66
1641939487978 0.04285049811005592 67
1641939489839 0.042617592960596085 68
1641939491694 0.04230344668030739 69
1641939493565 0.042358919978141785 70
1641939495413 0.04268238693475723 71
1641939497287 0.04191306605935097 72
1641939499138 0.04138154163956642 73
1641939501007 0.0426202118396759 74
1641939502846 0.04160187020897865 75
1641939504701 0.04105573520064354 76
1641939506559 0.04160246253013611 77
1641939508435 0.04156190901994705 78
1641939510286 0.041277870535850525 79
