1642008846390 0.7188993096351624 0
1642008848026 0.6274411678314209 1
1642008849504 0.5877938270568848 2
1642008850817 0.566918671131134 3
1642008852156 0.561751127243042 4
1642008853484 0.54576176404953 5
1642008854822 0.5445416569709778 6
1642008856142 0.5363617539405823 7
1642008857452 0.5316513776779175 8
1642008858775 0.5246071815490723 9
1642008860146 0.5205744504928589 10
1642008861497 0.5177016258239746 11
1642008862835 0.5140987634658813 12
1642008864162 0.5123357772827148 13
1642008865495 0.5029746294021606 14
1642008866838 0.5044519901275635 15
1642008868172 0.4964396059513092 16
1642008869500 0.4922509491443634 17
1642008870828 0.49389877915382385 18
1642008872168 0.4883350431919098 19
1642008873503 0.47701212763786316 20
1642008874843 0.4776593744754791 21
1642008876174 0.47651657462120056 22
1642008877519 0.4717889726161957 23
1642008878854 0.4672538936138153 24
1642008880190 0.4642888903617859 25
1642008881535 0.4648602604866028 26
1642008882875 0.45621752738952637 27
1642008884204 0.4582158923149109 28
1642008885547 0.4486648738384247 29
1642008886880 0.44749152660369873 30
1642008888211 0.4469912052154541 31
1642008889653 0.43989473581314087 32
1642008891156 0.4374482035636902 33
1642008892500 0.4317607581615448 34
1642008893861 0.42971834540367126 35
1642008895200 0.4250311255455017 36
1642008896528 0.41764533519744873 37
1642008897871 0.41848450899124146 38
1642008899215 0.4110168516635895 39
