1641941444484 0.11002318561077118 0
1641941445254 0.07198604941368103 1
1641941446098 0.06464865058660507 2
1641941446885 0.06360892951488495 3
1641941447633 0.0601663663983345 4
1641941448428 0.058347608894109726 5
1641941449213 0.05761153623461723 6
1641941450036 0.056247107684612274 7
1641941450906 0.05542457476258278 8
1641941451700 0.05427568405866623 9
1641941452503 0.05387174338102341 10
1641941453307 0.05319574475288391 11
1641941454104 0.053049445152282715 12
1641941454940 0.05259492248296738 13
1641941455743 0.05189727246761322 14
1641941456526 0.05136336013674736 15
1641941457311 0.05097266286611557 16
1641941458076 0.050279129296541214 17
1641941458863 0.04989129677414894 18
1641941459648 0.04987918585538864 19
1641941460446 0.049094393849372864 20
1641941461191 0.04892785847187042 21
1641941461985 0.047958821058273315 22
1641941462775 0.047792039811611176 23
1641941463512 0.047078534960746765 24
1641941464367 0.046782948076725006 25
1641941465142 0.046486884355545044 26
1641941465905 0.046356696635484695 27
1641941466682 0.04539308696985245 28
1641941467481 0.04513495787978172 29
1641941468279 0.044646989554166794 30
1641941469069 0.04405028000473976 31
1641941470049 0.043485891073942184 32
1641941471072 0.04348769038915634 33
1641941471956 0.043209198862314224 34
1641941472881 0.042489808052778244 35
1641941473744 0.04218452423810959 36
1641941474633 0.04150369018316269 37
1641941475589 0.04081358388066292 38
1641941476346 0.040994152426719666 39
1641941477133 0.04046391323208809 40
1641941477934 0.03984806314110756 41
1641941478735 0.03935426473617554 42
1641941479527 0.03938867524266243 43
1641941480319 0.038659319281578064 44
1641941481111 0.038407083600759506 45
1641941481918 0.0378907285630703 46
1641941482718 0.03734258562326431 47
1641941483460 0.03677947074174881 48
1641941484309 0.03720555454492569 49
1641941485103 0.03633623197674751 50
1641941485926 0.035530880093574524 51
1641941486686 0.03496235981583595 52
1641941487531 0.034500110894441605 53
1641941488265 0.0347818024456501 54
1641941489055 0.03453167527914047 55
1641941489847 0.03446395695209503 56
1641941490651 0.033829089254140854 57
1641941491456 0.03347934037446976 58
1641941492246 0.03295134752988815 59
1641941493040 0.032798755913972855 60
1641941493838 0.03269170597195625 61
1641941494636 0.03303904831409454 62
1641941495421 0.032440535724163055 63
1641941496215 0.03216133639216423 64
1641941496995 0.031093735247850418 65
1641941497807 0.030593596398830414 66
1641941498599 0.030506975948810577 67
1641941499337 0.03028327226638794 68
1641941500150 0.030783113092184067 69
1641941500947 0.03054574504494667 70
1641941501746 0.02972581796348095 71
1641941502534 0.02968525141477585 72
1641941503334 0.029603561386466026 73
1641941504113 0.02926536835730076 74
1641941504918 0.02913222648203373 75
1641941505749 0.02910233661532402 76
1641941506560 0.028757411986589432 77
1641941507360 0.028248053044080734 78
1641941508142 0.027839098125696182 79
