1641939263153 0.10970813781023026 0
1641939264051 0.06950743496417999 1
1641939265016 0.06468692421913147 2
1641939265879 0.06181267648935318 3
1641939266761 0.059806227684020996 4
1641939267583 0.05841750279068947 5
1641939268358 0.05694333091378212 6
1641939269180 0.05603223294019699 7
1641939269986 0.055759213864803314 8
1641939270760 0.055172938853502274 9
1641939271547 0.05488134175539017 10
1641939272318 0.053892672061920166 11
1641939273093 0.0537746325135231 12
1641939273862 0.05286354571580887 13
1641939274663 0.05278912931680679 14
1641939275451 0.05231822282075882 15
1641939276220 0.05192290246486664 16
1641939277001 0.05105562135577202 17
1641939277770 0.05124133080244064 18
1641939278546 0.05030938237905502 19
1641939279308 0.049851372838020325 20
1641939280094 0.049770429730415344 21
1641939280896 0.04955698549747467 22
1641939281676 0.049419254064559937 23
1641939282444 0.04884454607963562 24
1641939283211 0.048213377594947815 25
1641939283996 0.047962039709091187 26
1641939284790 0.04711182788014412 27
1641939285561 0.04692240059375763 28
1641939286350 0.04672756418585777 29
1641939287123 0.04632137343287468 30
1641939287893 0.04563495144248009 31
1641939288661 0.0450545996427536 32
1641939289445 0.044448647648096085 33
1641939290247 0.04376714676618576 34
1641939291047 0.04390387237071991 35
1641939291821 0.0431138277053833 36
1641939292590 0.04242410138249397 37
1641939293366 0.043139200657606125 38
1641939294143 0.04196896031498909 39
1641939294951 0.041352685540914536 40
1641939295738 0.04074670001864433 41
1641939296511 0.04024113714694977 42
1641939297283 0.04008817672729492 43
1641939298049 0.03970510512590408 44
1641939298824 0.03875190019607544 45
1641939299605 0.039290864020586014 46
1641939300374 0.03807467967271805 47
1641939301189 0.03786080330610275 48
1641939301961 0.0370427705347538 49
1641939302749 0.03704347461462021 50
1641939303515 0.03657174110412598 51
1641939304325 0.036361780017614365 52
1641939305106 0.035316452383995056 53
1641939305888 0.03491124510765076 54
1641939306656 0.03463742509484291 55
1641939307423 0.034475430846214294 56
1641939308197 0.034130170941352844 57
1641939308974 0.0336490124464035 58
1641939309747 0.033907514065504074 59
1641939310560 0.032897405326366425 60
1641939311343 0.03276638314127922 61
1641939312128 0.03243032097816467 62
1641939312906 0.032155200839042664 63
1641939313714 0.032003842294216156 64
1641939314513 0.03226437792181969 65
1641939315350 0.03150353208184242 66
1641939316189 0.030938681215047836 67
1641939317078 0.030734989792108536 68
1641939317876 0.030769087374210358 69
1641939318663 0.03031197562813759 70
1641939319441 0.030130142346024513 71
1641939320223 0.030407864600419998 72
1641939321049 0.029821455478668213 73
1641939321826 0.029720915481448174 74
1641939322603 0.029304280877113342 75
1641939323424 0.02928934246301651 76
1641939324223 0.02889942191541195 77
1641939325000 0.028669554740190506 78
1641939325793 0.028808468952775 79
1641939326567 0.02788308449089527 80
1641939327378 0.028042320162057877 81
1641939328171 0.028058091178536415 82
1641939328951 0.027970053255558014 83
1641939329747 0.02802298590540886 84
1641939330550 0.028461989015340805 85
1641939331357 0.02773008681833744 86
1641939332144 0.027282927185297012 87
1641939332961 0.026986099779605865 88
1641939333758 0.027064677327871323 89
1641939334540 0.026982557028532028 90
1641939335329 0.027033265680074692 91
1641939336128 0.026439614593982697 92
1641939336904 0.02618711069226265 93
1641939337716 0.02614704705774784 94
1641939338547 0.025910906493663788 95
1641939339337 0.02613455057144165 96
1641939340127 0.025633512064814568 97
1641939340908 0.026094572618603706 98
1641939341684 0.02594640851020813 99
1641939342476 0.02560524269938469 100
1641939343298 0.025571387261152267 101
1641939344085 0.02575383335351944 102
1641939344864 0.025015298277139664 103
1641939345647 0.024501895532011986 104
1641939346465 0.025751164183020592 105
1641939347265 0.02518009953200817 106
1641939348033 0.024651629850268364 107
1641939348866 0.02452208660542965 108
1641939349661 0.024973630905151367 109
1641939350479 0.024106036871671677 110
1641939351268 0.02447623573243618 111
1641939352049 0.024471836164593697 112
1641939352853 0.02390800416469574 113
1641939353670 0.02459961362183094 114
1641939354461 0.024116240441799164 115
1641939355241 0.024712201207876205 116
1641939356075 0.023862531408667564 117
1641939356863 0.023954372853040695 118
1641939357652 0.023667167872190475 119
