1642036564518 0.1220126673579216 0
1642036566344 0.07995890825986862 1
1642036567872 0.07200217992067337 2
1642036569357 0.06835581362247467 3
1642036570842 0.06449879705905914 4
1642036572345 0.06366393715143204 5
1642036573827 0.06119637191295624 6
1642036575318 0.06055618077516556 7
1642036576818 0.05987656116485596 8
1642036578305 0.05849243327975273 9
1642036579784 0.05780936777591705 10
1642036581261 0.05742473900318146 11
1642036582757 0.057084012776613235 12
1642036584239 0.056912537664175034 13
1642036585720 0.056737419217824936 14
1642036587231 0.05621940270066261 15
1642036588705 0.055850397795438766 16
1642036590185 0.055767301470041275 17
1642036591680 0.0552939847111702 18
1642036593167 0.0555279366672039 19
1642036594654 0.053853437304496765 20
1642036596125 0.05446231737732887 21
1642036597636 0.054232340306043625 22
1642036599157 0.05378923937678337 23
1642036600695 0.053396910429000854 24
1642036602192 0.05312494561076164 25
1642036603671 0.05347658693790436 26
1642036605155 0.05298727750778198 27
1642036606632 0.052424728870391846 28
1642036608180 0.052359215915203094 29
1642036609690 0.051488135010004044 30
1642036611176 0.0516548790037632 31
1642036612673 0.05094160884618759 32
1642036614145 0.050485461950302124 33
1642036615628 0.05052804574370384 34
1642036617122 0.049983877688646317 35
1642036618612 0.050165530294179916 36
1642036620095 0.04988621175289154 37
1642036621576 0.04918363317847252 38
1642036623077 0.04918321222066879 39
