1642029758266 1.0079312324523926 0
1642029760950 0.7829706072807312 1
1642029763357 0.7576802372932434 2
1642029765694 0.7492901086807251 3
1642029768147 0.7369858622550964 4
1642029770431 0.7157831192016602 5
1642029772734 0.7044892311096191 6
1642029775100 0.6983270049095154 7
1642029777387 0.6871559619903564 8
1642029779790 0.6685265302658081 9
1642029782113 0.6625927686691284 10
1642029784515 0.661238431930542 11
1642029786834 0.6539524793624878 12
1642029789237 0.6493129730224609 13
1642029791589 0.6420748233795166 14
1642029793974 0.6327909827232361 15
1642029796557 0.6386145353317261 16
1642029799283 0.6271263360977173 17
1642029802120 0.6269983649253845 18
1642029804597 0.6216369271278381 19
1642029807004 0.6218557357788086 20
1642029809443 0.6154040694236755 21
1642029811790 0.6150577664375305 22
1642029814073 0.6155266761779785 23
1642029816413 0.6153441667556763 24
1642029818791 0.6127178072929382 25
1642029821153 0.6173950433731079 26
1642029823454 0.6063440442085266 27
1642029825732 0.6036765575408936 28
1642029828079 0.6022929549217224 29
1642029830373 0.5990977883338928 30
1642029832661 0.6005634069442749 31
1642029835020 0.5979868173599243 32
1642029837291 0.5988128781318665 33
1642029839594 0.5922737717628479 34
1642029841954 0.5848607420921326 35
1642029844204 0.590935468673706 36
1642029846632 0.5900078415870667 37
1642029848972 0.5869734287261963 38
1642029851202 0.5856719613075256 39
