1642024267165 0.17160077393054962 0
1642024269141 0.08238629996776581 1
1642024271125 0.07355839759111404 2
1642024272953 0.06869908422231674 3
1642024274608 0.065735824406147 4
1642024276144 0.06385253369808197 5
1642024277772 0.06161940097808838 6
1642024279355 0.05999147519469261 7
1642024280830 0.059248946607112885 8
1642024282416 0.058040034025907516 9
1642024284044 0.05798111855983734 10
1642024285571 0.05718675255775452 11
1642024287121 0.05678165331482887 12
1642024288786 0.05686122551560402 13
1642024290431 0.056393593549728394 14
1642024291960 0.05556566268205643 15
1642024293561 0.055676668882369995 16
1642024295160 0.055368829518556595 17
1642024296624 0.0554223470389843 18
1642024298252 0.05507420748472214 19
1642024299861 0.054503753781318665 20
1642024301412 0.053954921662807465 21
1642024302964 0.05432106554508209 22
1642024304564 0.05343623459339142 23
1642024306214 0.05350871756672859 24
1642024307711 0.0536261685192585 25
1642024309349 0.0533423125743866 26
1642024310952 0.05261783301830292 27
1642024312419 0.05246792733669281 28
1642024313987 0.05191130191087723 29
1642024315589 0.0519084632396698 30
1642024317130 0.051878757774829865 31
1642024318685 0.05140102282166481 32
1642024320347 0.051734957844018936 33
1642024322096 0.05126918479800224 34
1642024323629 0.05100401118397713 35
1642024325249 0.051058944314718246 36
1642024326856 0.05088220164179802 37
1642024328372 0.0500783771276474 38
1642024330018 0.04979884997010231 39
