1642031986820 0.8307704329490662 0
1642031988082 0.7411641478538513 1
1642031989371 0.6997811794281006 2
1642031990601 0.6589385867118835 3
1642031991713 0.6260128021240234 4
1642031992777 0.608381450176239 5
1642031993877 0.5933387875556946 6
1642031994934 0.5853410363197327 7
1642031995991 0.5703181624412537 8
1642031997062 0.5656188726425171 9
1642031998131 0.5620635747909546 10
1642031999194 0.5582367181777954 11
1642032000254 0.5494374632835388 12
1642032001320 0.5408523082733154 13
1642032002383 0.5427899360656738 14
1642032003438 0.5407568216323853 15
1642032004494 0.5356393456459045 16
1642032005585 0.5350556969642639 17
1642032006664 0.5295016169548035 18
1642032007722 0.527844250202179 19
1642032008775 0.5286536812782288 20
1642032009880 0.5216909646987915 21
1642032010941 0.517828106880188 22
1642032011998 0.5130766034126282 23
1642032013054 0.5105059146881104 24
1642032014153 0.5088502168655396 25
1642032015231 0.5043128728866577 26
1642032016286 0.5047320127487183 27
1642032017356 0.5004985928535461 28
1642032018450 0.4980541467666626 29
1642032019528 0.4921233355998993 30
1642032020586 0.4899074137210846 31
1642032021646 0.4920347034931183 32
1642032022732 0.48744291067123413 33
1642032023819 0.4882122278213501 34
1642032024886 0.48427340388298035 35
1642032025974 0.478107750415802 36
1642032027058 0.47768038511276245 37
1642032028120 0.4769314229488373 38
1642032029179 0.47037413716316223 39
1642032030240 0.46745243668556213 40
1642032031379 0.4640651345252991 41
1642032032534 0.4656972885131836 42
1642032033604 0.4598223865032196 43
1642032034672 0.4609440565109253 44
1642032035738 0.45546266436576843 45
1642032036798 0.45138901472091675 46
1642032037897 0.45802605152130127 47
1642032038975 0.4479703903198242 48
1642032040033 0.44614699482917786 49
1642032041098 0.44057798385620117 50
1642032042189 0.4451417922973633 51
1642032043276 0.4373526871204376 52
1642032044342 0.43861982226371765 53
1642032045443 0.43072402477264404 54
1642032046507 0.4279027581214905 55
1642032047570 0.41938790678977966 56
1642032048634 0.42080265283584595 57
1642032049745 0.4215606451034546 58
1642032050812 0.41761133074760437 59
1642032051900 0.41626814007759094 60
1642032052985 0.4126708507537842 61
1642032054051 0.408126562833786 62
1642032055112 0.41007524728775024 63
1642032056179 0.3987041115760803 64
1642032057287 0.40373918414115906 65
1642032058358 0.40332892537117004 66
1642032059429 0.39610400795936584 67
1642032060487 0.39781245589256287 68
1642032061603 0.3915581703186035 69
1642032062663 0.3898999094963074 70
1642032063720 0.38781651854515076 71
1642032064787 0.390251487493515 72
1642032065883 0.3834955394268036 73
1642032066954 0.38643765449523926 74
1642032068027 0.382561594247818 75
1642032069096 0.3782535493373871 76
1642032070161 0.375907301902771 77
1642032071222 0.3755069971084595 78
1642032072334 0.372651070356369 79
