1642031630068 0.8471018671989441 0
1642031632252 0.7432866096496582 1
1642031634159 0.6976532936096191 2
1642031635839 0.6563624739646912 3
1642031637470 0.6303039193153381 4
1642031639157 0.6051996350288391 5
1642031640811 0.5920469164848328 6
1642031642495 0.5792266130447388 7
1642031644169 0.570831298828125 8
1642031645761 0.5655021071434021 9
1642031647429 0.5588985681533813 10
1642031648999 0.5542054772377014 11
1642031650680 0.5494909286499023 12
1642031652386 0.5472887754440308 13
1642031654073 0.5429229140281677 14
1642031655735 0.5327540636062622 15
1642031657346 0.5365206599235535 16
1642031659017 0.5312759876251221 17
1642031660739 0.5330222845077515 18
1642031662605 0.52122962474823 19
1642031664452 0.5239441990852356 20
1642031666127 0.5193451046943665 21
1642031667754 0.520266592502594 22
1642031669443 0.5150673985481262 23
1642031671137 0.5112558007240295 24
1642031672807 0.5081731081008911 25
1642031674608 0.5068751573562622 26
1642031676353 0.5030182600021362 27
1642031677991 0.5027782917022705 28
1642031679635 0.49866747856140137 29
1642031681326 0.49285316467285156 30
1642031683034 0.4895240068435669 31
1642031684722 0.48884138464927673 32
1642031686310 0.48503902554512024 33
1642031687999 0.486853688955307 34
1642031689672 0.48255065083503723 35
1642031691342 0.4746403396129608 36
1642031692903 0.4755391478538513 37
1642031694540 0.4725016951560974 38
1642031696122 0.4735117256641388 39
1642031697759 0.4645927846431732 40
1642031699387 0.4647844135761261 41
1642031700970 0.45889878273010254 42
1642031702601 0.4574946165084839 43
1642031704180 0.4581338167190552 44
1642031705813 0.45547786355018616 45
1642031707432 0.4471789598464966 46
1642031709013 0.4493689239025116 47
1642031710580 0.4439859986305237 48
1642031712160 0.44225218892097473 49
1642031713733 0.44349387288093567 50
1642031715355 0.4365817904472351 51
1642031716929 0.4350060522556305 52
1642031718547 0.43404915928840637 53
1642031720115 0.4342460632324219 54
1642031721687 0.4336405098438263 55
1642031723258 0.42881035804748535 56
1642031724825 0.42733943462371826 57
1642031726446 0.4253776967525482 58
1642031728034 0.42509695887565613 59
1642031729657 0.42569392919540405 60
1642031731223 0.4147728979587555 61
1642031732845 0.417847216129303 62
1642031734442 0.41127869486808777 63
1642031736021 0.4026179313659668 64
1642031737596 0.40997442603111267 65
1642031739216 0.41132137179374695 66
1642031740795 0.4042932093143463 67
1642031742375 0.3978147506713867 68
1642031743996 0.40017712116241455 69
1642031745572 0.4013681411743164 70
1642031747153 0.40087535977363586 71
1642031748778 0.3944697976112366 72
1642031750355 0.39127665758132935 73
1642031751970 0.3953103721141815 74
1642031753554 0.3823695778846741 75
1642031755133 0.38983380794525146 76
1642031756758 0.38520529866218567 77
1642031758353 0.3838915228843689 78
1642031759967 0.3850994408130646 79
1642031761553 0.3777259588241577 80
1642031763123 0.384755402803421 81
1642031764742 0.38720032572746277 82
1642031766332 0.3830031156539917 83
1642031767960 0.37186163663864136 84
1642031769528 0.3746013641357422 85
1642031771190 0.37760770320892334 86
1642031772772 0.3712023198604584 87
1642031774392 0.3703565299510956 88
1642031775973 0.3647214472293854 89
1642031777599 0.3693470358848572 90
1642031779180 0.3559974730014801 91
1642031780801 0.37026822566986084 92
1642031782376 0.3558669686317444 93
1642031783998 0.35854488611221313 94
1642031785579 0.35707271099090576 95
1642031787158 0.3617337942123413 96
1642031788784 0.35301876068115234 97
1642031790384 0.35035017132759094 98
1642031791983 0.35162246227264404 99
1642031793551 0.3537643253803253 100
1642031795175 0.3505649268627167 101
1642031796754 0.3481520712375641 102
1642031798383 0.3464697003364563 103
1642031799967 0.3500089645385742 104
1642031801598 0.3454720675945282 105
1642031803177 0.34374818205833435 106
1642031804761 0.3479853570461273 107
1642031806386 0.34145623445510864 108
1642031807960 0.34037598967552185 109
1642031809589 0.3476790487766266 110
1642031811169 0.33840787410736084 111
1642031812791 0.33590781688690186 112
1642031814418 0.3495292067527771 113
1642031816044 0.3305908143520355 114
1642031817614 0.33662912249565125 115
1642031819234 0.3430325984954834 116
1642031820814 0.33098456263542175 117
1642031822445 0.3337586224079132 118
1642031824067 0.33497920632362366 119
