1642008049248 0.7135133147239685 0
1642008051927 0.6245165467262268 1
1642008054378 0.5881109237670898 2
1642008056835 0.5743772387504578 3
1642008059285 0.5608497858047485 4
1642008061747 0.5541515350341797 5
1642008064173 0.5505613684654236 6
1642008066677 0.5451968312263489 7
1642008069103 0.5380602478981018 8
1642008071573 0.5325478911399841 9
1642008074032 0.5261878967285156 10
1642008076488 0.520966112613678 11
1642008078953 0.5196207761764526 12
1642008081448 0.5146825313568115 13
1642008084099 0.511561393737793 14
1642008086615 0.5091268420219421 15
1642008089079 0.5071398019790649 16
1642008091621 0.4989875555038452 17
1642008094128 0.4944363236427307 18
1642008096634 0.4919309616088867 19
