1641941274874 0.23890088498592377 0
1641941275398 0.10038750618696213 1
1641941275856 0.08681796491146088 2
1641941276392 0.07725854963064194 3
1641941276917 0.09296483546495438 4
1641941277397 0.06761278957128525 5
1641941277901 0.06685219705104828 6
1641941278427 0.06774788349866867 7
1641941278955 0.0687904804944992 8
1641941279427 0.05931664630770683 9
1641941280012 0.05873214825987816 10
1641941280481 0.060460757464170456 11
1641941281012 0.061562929302453995 12
1641941281555 0.0546535886824131 13
1641941282017 0.053365182131528854 14
1641941282524 0.055694904178380966 15
1641941282994 0.05418027937412262 16
1641941283515 0.05792214721441269 17
1641941284031 0.052963219583034515 18
1641941284497 0.05272731930017471 19
1641941285040 0.05295392870903015 20
1641941285566 0.05236335098743439 21
1641941286028 0.05087724328041077 22
1641941286521 0.050690658390522 23
1641941287061 0.051124464720487595 24
1641941287509 0.049964405596256256 25
1641941288029 0.05128147453069687 26
1641941288484 0.05131750926375389 27
1641941289020 0.05047827959060669 28
1641941289485 0.050112202763557434 29
1641941289957 0.04925215244293213 30
1641941290556 0.04991675168275833 31
1641941291261 0.05057921260595322 32
1641941291887 0.048811934888362885 33
1641941292494 0.048000458627939224 34
1641941293088 0.048626191914081573 35
1641941293634 0.04880749434232712 36
1641941294279 0.04879855737090111 37
1641941294874 0.047748129814863205 38
1641941295400 0.047943271696567535 39
1641941296035 0.047546178102493286 40
1641941296611 0.0478300079703331 41
1641941297145 0.04806363955140114 42
1641941297631 0.04716288298368454 43
1641941298134 0.04725778475403786 44
1641941298649 0.04669545218348503 45
1641941299135 0.047468770295381546 46
1641941299677 0.04659350588917732 47
1641941300158 0.0463501513004303 48
1641941300618 0.04585938900709152 49
1641941301152 0.046449385583400726 50
1641941301639 0.046341244131326675 51
1641941302144 0.04553738981485367 52
1641941302651 0.04625982791185379 53
1641941303172 0.045272354036569595 54
1641941303648 0.045418377965688705 55
1641941304169 0.044883016496896744 56
1641941304693 0.044491223990917206 57
1641941305158 0.045587923377752304 58
1641941305679 0.04433067888021469 59
1641941306144 0.04382405802607536 60
1641941306677 0.04364582896232605 61
1641941307125 0.043073371052742004 62
1641941307613 0.043991051614284515 63
1641941308119 0.04424110800027847 64
1641941308624 0.04408017545938492 65
1641941309115 0.04296576976776123 66
1641941309621 0.042305752635002136 67
1641941310137 0.04244717210531235 68
1641941310663 0.041452571749687195 69
1641941311128 0.042495228350162506 70
1641941311640 0.04125355929136276 71
1641941312105 0.04225149378180504 72
1641941312583 0.04294528439640999 73
1641941313089 0.04183202236890793 74
1641941313569 0.041257258504629135 75
1641941314102 0.041227564215660095 76
1641941314562 0.04148586839437485 77
1641941315096 0.0403125137090683 78
1641941315620 0.03985711932182312 79
