1641938209594 0.08102206140756607 0
1641938212189 0.06090308725833893 1
1641938214435 0.057519663125276566 2
1641938216803 0.0570811852812767 3
1641938219071 0.05533049255609512 4
1641938221377 0.05493529140949249 5
1641938223649 0.05388456955552101 6
1641938225909 0.05365745350718498 7
1641938228444 0.052764132618904114 8
1641938230669 0.05204113572835922 9
1641938233026 0.05125223100185394 10
1641938235312 0.05057799071073532 11
1641938237562 0.049513693898916245 12
1641938239828 0.048815954476594925 13
1641938242236 0.047928906977176666 14
1641938244507 0.04740927740931511 15
1641938246701 0.04622059687972069 16
1641938248996 0.04534422606229782 17
1641938251270 0.04429960623383522 18
1641938253716 0.043008893728256226 19
1641938256026 0.04256932809948921 20
1641938258214 0.04138760641217232 21
1641938260520 0.040257882326841354 22
1641938262721 0.0393795408308506 23
1641938264977 0.03809947147965431 24
1641938267249 0.03732743486762047 25
1641938269586 0.0363769568502903 26
1641938271838 0.035093411803245544 27
1641938274325 0.034141041338443756 28
1641938276818 0.033383190631866455 29
1641938279151 0.03269543871283531 30
1641938281433 0.031833864748477936 31
1641938283691 0.031131597235798836 32
1641938285999 0.030396265909075737 33
1641938288242 0.029756100848317146 34
1641938290528 0.029448846355080605 35
1641938292729 0.02855047956109047 36
1641938295204 0.02786203846335411 37
1641938297743 0.027293963357806206 38
1641938300130 0.026831576600670815 39
1641938302385 0.02620280534029007 40
1641938304659 0.02557201124727726 41
1641938306877 0.025197630748152733 42
1641938309167 0.024714387953281403 43
1641938311378 0.024241631850600243 44
1641938313757 0.023979580029845238 45
1641938315956 0.023274559527635574 46
1641938318310 0.022823916748166084 47
1641938320549 0.023310091346502304 48
1641938322877 0.022231221199035645 49
1641938325158 0.021685361862182617 50
1641938327469 0.02223943918943405 51
1641938329721 0.022061606869101524 52
1641938332105 0.02103981003165245 53
1641938334329 0.021361349150538445 54
1641938336809 0.020423702895641327 55
1641938339118 0.02044062875211239 56
1641938341484 0.01973535306751728 57
1641938343846 0.019181180745363235 58
1641938346235 0.01956333965063095 59
1641938348569 0.019443295896053314 60
1641938350985 0.018766794353723526 61
1641938353681 0.018766427412629128 62
1641938356068 0.01863704062998295 63
1641938358484 0.018132338300347328 64
1641938360967 0.017858557403087616 65
1641938363398 0.01795128732919693 66
1641938365924 0.01752839982509613 67
1641938368156 0.017001312226057053 68
1641938370448 0.017106231302022934 69
1641938372697 0.017527859658002853 70
1641938375060 0.017439639195799828 71
1641938377845 0.019922057166695595 72
1641938380098 0.019629256799817085 73
1641938382580 0.016827724874019623 74
1641938384982 0.017254313454031944 75
1641938387493 0.016002841293811798 76
1641938389898 0.015817107632756233 77
1641938392377 0.01588687114417553 78
1641938394844 0.016032926738262177 79
1641938397559 0.016213512048125267 80
1641938399876 0.01656304858624935 81
1641938402233 0.015948224812746048 82
1641938404598 0.016506528481841087 83
1641938406940 0.015506910160183907 84
1641938409418 0.015248851850628853 85
1641938411879 0.015117254108190536 86
1641938414221 0.015367657877504826 87
1641938416474 0.014900478534400463 88
1641938418795 0.01525163371115923 89
1641938421127 0.014814835973083973 90
1641938423416 0.014554073102772236 91
1641938426192 0.014403549954295158 92
1641938428584 0.014575822278857231 93
1641938430969 0.01414800900965929 94
1641938433302 0.014873589389026165 95
1641938435639 0.014032090082764626 96
1641938438204 0.013785741291940212 97
1641938440976 0.013749044388532639 98
1641938443660 0.013930050656199455 99
1641938446505 0.014123877510428429 100
1641938448936 0.013882948085665703 101
1641938451407 0.01583726704120636 102
1641938453814 0.013227567076683044 103
1641938456171 0.013161055743694305 104
1641938458523 0.013310431502759457 105
1641938460796 0.013350688852369785 106
1641938463295 0.014825244434177876 107
1641938466001 0.013183950446546078 108
1641938468361 0.013224292546510696 109
1641938470844 0.015034714713692665 110
1641938473163 0.01295536756515503 111
1641938475489 0.012780803255736828 112
1641938477865 0.012745994143188 113
1641938480278 0.013260656967759132 114
1641938482587 0.013236160390079021 115
1641938484956 0.013329842127859592 116
1641938487346 0.012797847390174866 117
1641938489590 0.012718179263174534 118
1641938491821 0.012476627714931965 119
