1642007996785 0.665497362613678 0
1642007999032 0.5747999548912048 1
1642008001292 0.5531179904937744 2
1642008003524 0.5404813885688782 3
1642008005808 0.5315931439399719 4
1642008008051 0.520002007484436 5
1642008010290 0.5142092704772949 6
1642008012546 0.5054376721382141 7
1642008014776 0.4960629642009735 8
1642008017022 0.49117934703826904 9
1642008019263 0.48101308941841125 10
1642008021531 0.4754430651664734 11
1642008023788 0.4648824632167816 12
1642008026076 0.4564143419265747 13
1642008028299 0.44852110743522644 14
1642008030820 0.4404948353767395 15
1642008033106 0.4274512827396393 16
1642008035360 0.4167664647102356 17
1642008037610 0.40886208415031433 18
1642008039905 0.39747580885887146 19
