1642008312787 0.6668052673339844 0
1642008315289 0.5752353668212891 1
1642008317719 0.5548489689826965 2
1642008320085 0.5407583713531494 3
1642008322488 0.5271115303039551 4
1642008324870 0.5238208174705505 5
1642008327286 0.5141362547874451 6
1642008329666 0.504424512386322 7
1642008332089 0.4934656023979187 8
1642008334434 0.4862406551837921 9
1642008336859 0.47689089179039 10
1642008339187 0.4694913625717163 11
1642008341659 0.4588571786880493 12
1642008344004 0.45393267273902893 13
1642008346492 0.445814311504364 14
1642008348930 0.4331054389476776 15
1642008351337 0.42623475193977356 16
1642008353679 0.4186052083969116 17
1642008356252 0.40611323714256287 18
1642008358585 0.3950203061103821 19
1642008361037 0.3868084251880646 20
1642008363471 0.38107094168663025 21
1642008365901 0.3698403835296631 22
1642008368235 0.35985109210014343 23
1642008370687 0.35442787408828735 24
1642008373048 0.34547871351242065 25
1642008375449 0.33627745509147644 26
1642008377862 0.3247990310192108 27
1642008380226 0.32129666209220886 28
1642008382619 0.3119886815547943 29
1642008384972 0.3069794476032257 30
1642008387382 0.3020790219306946 31
1642008389741 0.2875281870365143 32
1642008392143 0.2864469289779663 33
1642008394485 0.2812354266643524 34
1642008396898 0.271075963973999 35
1642008399284 0.2664901614189148 36
1642008401646 0.26350486278533936 37
1642008404031 0.2539283335208893 38
1642008406360 0.2504909932613373 39
1642008408744 0.2455292046070099 40
1642008411117 0.2376534342765808 41
1642008413499 0.24085384607315063 42
1642008415876 0.2275281548500061 43
1642008418263 0.2216787040233612 44
1642008420659 0.22321826219558716 45
1642008423077 0.21635988354682922 46
1642008425405 0.2181975096464157 47
1642008427849 0.2084016054868698 48
1642008430200 0.21178041398525238 49
1642008432636 0.21511730551719666 50
1642008435035 0.1964411586523056 51
1642008437416 0.19692865014076233 52
1642008439839 0.19128423929214478 53
1642008442247 0.19522546231746674 54
1642008444587 0.1867525726556778 55
1642008447033 0.18653471767902374 56
1642008449603 0.18696951866149902 57
1642008452016 0.18736153841018677 58
1642008454360 0.18363462388515472 59
1642008456750 0.18035994470119476 60
1642008459149 0.1757432371377945 61
1642008461491 0.17323800921440125 62
1642008463895 0.18123261630535126 63
1642008466307 0.1779792308807373 64
1642008468731 0.1718800812959671 65
1642008471139 0.15983514487743378 66
1642008473583 0.17086157202720642 67
1642008475993 0.162207692861557 68
1642008478366 0.16489900648593903 69
1642008480782 0.16514748334884644 70
1642008483219 0.1605781763792038 71
1642008485650 0.15585675835609436 72
1642008488036 0.15429672598838806 73
1642008490464 0.15956319868564606 74
1642008492909 0.14946438372135162 75
1642008495323 0.15547263622283936 76
1642008497719 0.14705489575862885 77
1642008500124 0.150934100151062 78
1642008502520 0.14575207233428955 79
