1642023143310 0.8344199061393738 0
1642023144721 0.7446075677871704 1
1642023146069 0.7060016989707947 2
1642023147284 0.6590279340744019 3
1642023148363 0.6242209672927856 4
1642023149459 0.6140701174736023 5
1642023150492 0.5968000888824463 6
1642023151570 0.5810527801513672 7
1642023152659 0.5765202641487122 8
1642023153706 0.5659278631210327 9
1642023154811 0.5639615058898926 10
1642023155906 0.5609431862831116 11
1642023156987 0.5490716099739075 12
1642023158087 0.5463986396789551 13
1642023159108 0.5445448160171509 14
1642023160206 0.5401011109352112 15
1642023161254 0.537761390209198 16
1642023162344 0.5332522392272949 17
1642023163439 0.5343649983406067 18
1642023164469 0.5294079184532166 19
1642023165618 0.5242804288864136 20
1642023166728 0.5211473703384399 21
1642023167818 0.518693745136261 22
1642023168916 0.5183104276657104 23
1642023169993 0.5119320154190063 24
1642023171113 0.5086217522621155 25
1642023172208 0.5083301663398743 26
1642023173292 0.5054177641868591 27
1642023174390 0.5006723403930664 28
1642023175470 0.500800371170044 29
1642023176581 0.4974484443664551 30
1642023177667 0.4907224476337433 31
1642023178759 0.49046531319618225 32
1642023179842 0.48809435963630676 33
1642023180944 0.4827040135860443 34
1642023182047 0.47897836565971375 35
1642023183140 0.47714775800704956 36
1642023184235 0.46970999240875244 37
1642023185254 0.46984225511550903 38
1642023186355 0.46682003140449524 39
1642023187423 0.463821142911911 40
1642023188514 0.46478211879730225 41
1642023189627 0.4630950391292572 42
1642023190658 0.4534895122051239 43
1642023191808 0.4557018578052521 44
1642023192899 0.45538339018821716 45
1642023193990 0.45331844687461853 46
1642023195100 0.4451887309551239 47
1642023196208 0.44526946544647217 48
1642023197321 0.4433254301548004 49
1642023198411 0.4371444880962372 50
1642023199503 0.43791496753692627 51
1642023200599 0.43861648440361023 52
1642023201698 0.42852604389190674 53
1642023202793 0.42766088247299194 54
1642023203892 0.42677944898605347 55
1642023204987 0.41694751381874084 56
1642023206026 0.42360249161720276 57
1642023207123 0.4154468774795532 58
1642023208221 0.41366058588027954 59
1642023209278 0.41510462760925293 60
1642023210376 0.4128512144088745 61
1642023211458 0.40754297375679016 62
1642023212562 0.40113750100135803 63
1642023213655 0.39917171001434326 64
1642023214743 0.3923719525337219 65
1642023215851 0.3944222629070282 66
1642023216869 0.39244571328163147 67
1642023217975 0.3952101469039917 68
1642023219121 0.3891887366771698 69
1642023220222 0.387744277715683 70
1642023221275 0.37804171442985535 71
1642023222334 0.38237863779067993 72
1642023223410 0.37653428316116333 73
1642023224504 0.3761906027793884 74
1642023225605 0.37620678544044495 75
1642023226703 0.37243396043777466 76
1642023227796 0.37328439950942993 77
1642023228908 0.3743249773979187 78
1642023229989 0.3721473217010498 79
