1642034863608 0.3828129768371582 0
1642034864477 0.11726924031972885 1
1642034865334 0.09550926834344864 2
1642034866229 0.0868593379855156 3
1642034867123 0.08214546740055084 4
1642034867983 0.07899987697601318 5
1642034868837 0.07750342041254044 6
1642034869750 0.07623239606618881 7
1642034870605 0.07437600940465927 8
1642034871457 0.07181521505117416 9
1642034872387 0.07071379572153091 10
1642034873228 0.06979791074991226 11
1642034874125 0.06872843205928802 12
1642034874972 0.06768002361059189 13
1642034875907 0.0667061060667038 14
1642034876688 0.0659586638212204 15
1642034877545 0.06552968919277191 16
1642034878423 0.06454528868198395 17
1642034879293 0.06508785486221313 18
1642034880153 0.06483171135187149 19
1642034881018 0.06372470408678055 20
1642034881871 0.06358611583709717 21
1642034882762 0.06346970051527023 22
1642034883587 0.06322117894887924 23
1642034884500 0.06237106770277023 24
1642034885358 0.06216035038232803 25
1642034886156 0.06258334964513779 26
1642034887022 0.06228627264499664 27
1642034887864 0.06192641332745552 28
1642034888680 0.06099700927734375 29
1642034889673 0.06075690686702728 30
1642034890729 0.060690682381391525 31
1642034891789 0.06063174828886986 32
1642034892837 0.0607515424489975 33
1642034893956 0.05976477637887001 34
1642034895091 0.06034839153289795 35
1642034896048 0.06026402488350868 36
1642034897058 0.05960719659924507 37
1642034897925 0.059664469212293625 38
1642034898837 0.05947098508477211 39
1642034899704 0.05927526205778122 40
1642034900563 0.05900794640183449 41
1642034901417 0.05875707417726517 42
1642034902298 0.05889337137341499 43
1642034903143 0.058551445603370667 44
1642034904021 0.05765223875641823 45
1642034904878 0.059023667126894 46
1642034905732 0.05795718729496002 47
1642034906595 0.05846039578318596 48
1642034907461 0.05752309411764145 49
1642034908310 0.058200012892484665 50
1642034909172 0.0579729862511158 51
1642034910024 0.05770084261894226 52
1642034910843 0.05754207819700241 53
1642034911707 0.05749458074569702 54
1642034912571 0.05722374469041824 55
1642034913409 0.05756210908293724 56
1642034914319 0.05597897991538048 57
1642034915117 0.05661000683903694 58
1642034916004 0.056563325226306915 59
1642034916847 0.05611767992377281 60
1642034917734 0.05714190751314163 61
1642034918582 0.05624423176050186 62
1642034919431 0.05663837119936943 63
1642034920401 0.05578693747520447 64
1642034921183 0.05624356493353844 65
1642034922034 0.05578681826591492 66
1642034922901 0.0558631531894207 67
1642034923772 0.05645320564508438 68
1642034924601 0.05548707768321037 69
1642034925460 0.05579528585076332 70
1642034926340 0.05508554354310036 71
1642034927199 0.05489610508084297 72
1642034928049 0.05528103560209274 73
1642034928929 0.05550135299563408 74
1642034929760 0.05463945493102074 75
1642034930646 0.05528690665960312 76
1642034931472 0.05489274859428406 77
1642034932330 0.05460913106799126 78
1642034933135 0.05510980263352394 79
1642034934036 0.055057499557733536 80
1642034934893 0.05466901883482933 81
1642034935752 0.053836919367313385 82
1642034936609 0.05421135947108269 83
1642034937461 0.05394947528839111 84
1642034938331 0.05419754236936569 85
1642034939171 0.05409715324640274 86
1642034940014 0.05387987196445465 87
1642034940908 0.05333905667066574 88
1642034941701 0.053912874311208725 89
1642034942566 0.053760044276714325 90
1642034943354 0.05333400145173073 91
1642034944251 0.05277775228023529 92
1642034945210 0.0531948022544384 93
1642034946165 0.05286390334367752 94
1642034947079 0.0526873916387558 95
1642034947946 0.053110215812921524 96
1642034948808 0.05213536322116852 97
1642034949659 0.05221826210618019 98
1642034950582 0.05244981870055199 99
1642034951445 0.05313326418399811 100
1642034952298 0.052142661064863205 101
1642034953151 0.052443038672208786 102
1642034953995 0.05238204449415207 103
1642034954855 0.0520491860806942 104
1642034955671 0.05188903212547302 105
1642034956582 0.05229366570711136 106
1642034957477 0.051830828189849854 107
1642034958330 0.051779892295598984 108
1642034959258 0.05164095759391785 109
1642034960111 0.05232682079076767 110
1642034961029 0.05159711092710495 111
1642034961883 0.05142812430858612 112
1642034962743 0.05145401880145073 113
1642034963689 0.05070118606090546 114
1642034964620 0.05052526295185089 115
1642034965491 0.051032815128564835 116
1642034966432 0.051216572523117065 117
1642034967231 0.05083863064646721 118
1642034968115 0.050885505974292755 119
