1642024460459 0.14346294105052948 0
1642024462284 0.08107160031795502 1
1642024464207 0.07523982971906662 2
1642024465910 0.0711626261472702 3
1642024467456 0.0668613463640213 4
1642024469104 0.06483675539493561 5
1642024470750 0.062266673892736435 6
1642024472327 0.061372216790914536 7
1642024473911 0.06040884554386139 8
1642024475571 0.05924687534570694 9
1642024477262 0.05820830911397934 10
1642024478836 0.058479439467191696 11
1642024480426 0.05797768756747246 12
1642024482089 0.05693487823009491 13
1642024483915 0.05690402910113335 14
1642024485462 0.05672508478164673 15
1642024487110 0.05620991438627243 16
1642024488842 0.05659778416156769 17
1642024490412 0.05552777647972107 18
1642024491929 0.055282801389694214 19
1642024493585 0.055289823561906815 20
1642024495221 0.05554603040218353 21
1642024496867 0.055111248046159744 22
1642024498443 0.054251864552497864 23
1642024500087 0.05438713729381561 24
1642024501854 0.053558189421892166 25
1642024503626 0.053680695593357086 26
1642024505336 0.05339151620864868 27
1642024507084 0.05297676473855972 28
1642024508923 0.052716489881277084 29
1642024510708 0.05282321199774742 30
1642024512475 0.05286240950226784 31
1642024514183 0.05178333818912506 32
1642024515988 0.05210858955979347 33
1642024517820 0.05151868239045143 34
1642024519619 0.05135796219110489 35
1642024521390 0.05117892101407051 36
1642024523077 0.05055106803774834 37
1642024524782 0.05164647847414017 38
1642024526477 0.05084838718175888 39
1642024528148 0.05060512572526932 40
1642024529822 0.050148483365774155 41
1642024531523 0.04999794811010361 42
1642024533283 0.049387603998184204 43
1642024535000 0.05007242411375046 44
1642024536680 0.04888196289539337 45
1642024538370 0.049499768763780594 46
1642024540053 0.04864344373345375 47
1642024541788 0.04825187847018242 48
1642024543466 0.048345040529966354 49
1642024545135 0.048455920070409775 50
1642024546842 0.04818539693951607 51
1642024548536 0.048517461866140366 52
1642024550158 0.04715658724308014 53
1642024551850 0.04675067961215973 54
1642024553542 0.046939555555582047 55
1642024555215 0.04626469314098358 56
1642024556933 0.04583180695772171 57
1642024558657 0.045734014362096786 58
1642024560358 0.046151041984558105 59
1642024562042 0.04635577276349068 60
1642024563720 0.04567500948905945 61
1642024565401 0.045589689165353775 62
1642024567114 0.04548586905002594 63
1642024568807 0.04464501887559891 64
1642024570486 0.044227439910173416 65
1642024572161 0.044820815324783325 66
1642024573842 0.04427431523799896 67
1642024575509 0.044421128928661346 68
1642024577192 0.043345049023628235 69
1642024578875 0.043805744498968124 70
1642024580571 0.04299581050872803 71
1642024582234 0.044118210673332214 72
1642024583878 0.04280346632003784 73
1642024585555 0.04291132092475891 74
1642024587234 0.04347047954797745 75
1642024588922 0.04273711517453194 76
1642024590600 0.04201177880167961 77
1642024592282 0.042065128684043884 78
1642024593979 0.04285620525479317 79
