1642010719180 0.07820072025060654 0
1642010720139 0.06051373854279518 1
1642010721186 0.056507427245378494 2
1642010722173 0.05407415330410004 3
1642010723143 0.05194857344031334 4
1642010724044 0.05140898749232292 5
1642010724864 0.049981240183115005 6
1642010725735 0.048953548073768616 7
1642010726499 0.04819941893219948 8
1642010727256 0.04789549857378006 9
1642010728032 0.04696957767009735 10
1642010728811 0.04604867845773697 11
1642010729585 0.044638536870479584 12
1642010730340 0.0444989837706089 13
1642010731095 0.04267917945981026 14
1642010731880 0.04244757071137428 15
1642010732667 0.04105674475431442 16
1642010733435 0.04012623801827431 17
1642010734211 0.03946937620639801 18
1642010734953 0.03819001093506813 19
1642010735749 0.03710836172103882 20
1642010736512 0.036284178495407104 21
1642010737308 0.03504060581326485 22
1642010738077 0.033767495304346085 23
1642010738839 0.03286484256386757 24
1642010739606 0.03266385570168495 25
1642010740378 0.03130458667874336 26
1642010741142 0.029794417321681976 27
1642010741950 0.028899485245347023 28
1642010742700 0.02862411178648472 29
1642010743490 0.027983546257019043 30
1642010744282 0.026482336223125458 31
1642010745071 0.02542239800095558 32
1642010745840 0.024958187714219093 33
1642010746612 0.024902556091547012 34
1642010747375 0.023983489722013474 35
1642010748164 0.022829804569482803 36
1642010748955 0.022471128031611443 37
1642010749715 0.022099392488598824 38
1642010750494 0.021391481161117554 39
1642010751244 0.021807171404361725 40
1642010752036 0.02062170021235943 41
1642010752811 0.020321352407336235 42
1642010753577 0.019654886797070503 43
1642010754361 0.019626770168542862 44
1642010755131 0.01881021074950695 45
1642010755963 0.018598604947328568 46
1642010756807 0.018971316516399384 47
1642010757626 0.018096687272191048 48
1642010758430 0.01747250184416771 49
1642010759187 0.017385371029376984 50
1642010759989 0.01716817356646061 51
1642010760761 0.016812078654766083 52
1642010761540 0.016664275899529457 53
1642010762327 0.01638995297253132 54
1642010763090 0.016189811751246452 55
1642010763881 0.016469202935695648 56
1642010764631 0.015559496358036995 57
1642010765428 0.015306281857192516 58
1642010766225 0.015087920241057873 59
1642010766989 0.014520012773573399 60
1642010767786 0.014153242111206055 61
1642010768552 0.013905252330005169 62
1642010769348 0.013416769914329052 63
1642010770114 0.01393263041973114 64
1642010770915 0.013859085738658905 65
1642010771670 0.013408166356384754 66
1642010772475 0.013114226050674915 67
1642010773232 0.01286439597606659 68
1642010774040 0.013193248771131039 69
1642010774836 0.013101648539304733 70
1642010775614 0.012490111403167248 71
1642010776397 0.011864274740219116 72
1642010777156 0.01255217008292675 73
1642010777965 0.01248323917388916 74
1642010778730 0.012550750747323036 75
1642010779522 0.012227607890963554 76
1642010780306 0.012916741892695427 77
1642010781065 0.012357283383607864 78
1642010781851 0.011681856587529182 79
