1642033865823 0.13278727233409882 0
1642033868052 0.08004457503557205 1
1642033870026 0.07339940220117569 2
1642033871805 0.06909328699111938 3
1642033873592 0.06536053121089935 4
1642033875350 0.0638614147901535 5
1642033877086 0.062161125242710114 6
1642033878928 0.06076193228363991 7
1642033880704 0.058746587485075 8
1642033882524 0.05822177603840828 9
1642033884294 0.056707728654146194 10
1642033886083 0.05724933370947838 11
1642033887906 0.05626509711146355 12
1642033889790 0.055603988468647 13
1642033891571 0.05563543736934662 14
1642033893449 0.05487440153956413 15
1642033895338 0.0550953634083271 16
1642033897164 0.05469488352537155 17
1642033898999 0.054262273013591766 18
1642033900813 0.05445922166109085 19
1642033902647 0.05390951409935951 20
1642033904473 0.053749002516269684 21
1642033906341 0.053253475576639175 22
1642033908122 0.05382399260997772 23
1642033909950 0.05332426726818085 24
1642033911777 0.052604835480451584 25
1642033913555 0.05245515704154968 26
1642033915338 0.05231703445315361 27
1642033917197 0.051232025027275085 28
1642033919160 0.052177805453538895 29
1642033920947 0.05156897380948067 30
1642033922820 0.05086619034409523 31
1642033924595 0.05072813853621483 32
1642033926432 0.05087726190686226 33
1642033928169 0.05062371864914894 34
1642033929934 0.05018831416964531 35
1642033931683 0.05041895806789398 36
1642033933459 0.049938302487134933 37
1642033935271 0.04961162805557251 38
1642033937051 0.049379944801330566 39
