1642021759331 0.6633294224739075 0
1642021762311 0.5829083919525146 1
1642021765045 0.5534059405326843 2
1642021767666 0.5455213189125061 3
1642021770382 0.5334146618843079 4
1642021772998 0.5221576690673828 5
1642021775734 0.5126554369926453 6
1642021778375 0.5073956251144409 7
1642021781078 0.4979817271232605 8
1642021783734 0.4916878640651703 9
1642021786436 0.48246803879737854 10
1642021789091 0.4729806184768677 11
1642021791803 0.46585899591445923 12
1642021794487 0.4583147168159485 13
1642021797172 0.4490314722061157 14
1642021799882 0.437433123588562 15
1642021802667 0.43637752532958984 16
1642021805317 0.4212166666984558 17
1642021808013 0.41098302602767944 18
1642021810832 0.402041494846344 19
1642021813456 0.38951951265335083 20
1642021816180 0.381490021944046 21
1642021818793 0.36774346232414246 22
1642021821552 0.3582383692264557 23
1642021824170 0.3430529534816742 24
1642021826899 0.3373475968837738 25
1642021829614 0.33074891567230225 26
1642021832311 0.31325262784957886 27
1642021834947 0.3095567524433136 28
1642021837633 0.30704811215400696 29
1642021840283 0.29211077094078064 30
1642021843000 0.28255221247673035 31
1642021845652 0.2809554934501648 32
1642021848338 0.2779809534549713 33
1642021851053 0.26563650369644165 34
1642021853706 0.25907838344573975 35
1642021856446 0.2508927881717682 36
1642021859102 0.24918586015701294 37
1642021861829 0.23253260552883148 38
1642021864451 0.24232076108455658 39
