1642008757796 0.7078453302383423 0
1642008759217 0.6196088790893555 1
1642008760564 0.5907993912696838 2
1642008761839 0.5693626999855042 3
1642008763175 0.5568623542785645 4
1642008764532 0.5517285466194153 5
1642008765830 0.5442821383476257 6
1642008767168 0.5401508808135986 7
1642008768451 0.5321632027626038 8
1642008769798 0.5281528234481812 9
1642008771131 0.5229383707046509 10
1642008772409 0.5170964598655701 11
1642008773744 0.5147449970245361 12
1642008775067 0.5118604302406311 13
1642008776381 0.5061001181602478 14
1642008777731 0.5030626654624939 15
1642008779023 0.5001441240310669 16
1642008780381 0.49605026841163635 17
1642008781733 0.49218854308128357 18
1642008783013 0.4869903326034546 19
