1642022919898 0.6630715727806091 0
1642022921087 0.5718654990196228 1
1642022922156 0.5362125039100647 2
1642022923292 0.5263875126838684 3
1642022924277 0.5106755495071411 4
1642022925130 0.5017902255058289 5
1642022926079 0.49264585971832275 6
1642022926948 0.4786030650138855 7
1642022927818 0.472739577293396 8
1642022928687 0.46523886919021606 9
1642022929591 0.44952699542045593 10
1642022930475 0.4335212707519531 11
1642022931338 0.4240620732307434 12
1642022932272 0.4152323305606842 13
1642022933200 0.3953839838504791 14
1642022934082 0.3863447308540344 15
1642022935011 0.3770008087158203 16
1642022935910 0.3613847494125366 17
1642022936796 0.3473171591758728 18
1642022937726 0.3306777775287628 19
