1641941321933 0.11774193495512009 0
1641941322545 0.06836511194705963 1
1641941323254 0.06207568943500519 2
1641941323871 0.058807678520679474 3
1641941324539 0.05563725531101227 4
1641941325207 0.05292771756649017 5
1641941325854 0.05202094092965126 6
1641941326474 0.05037742480635643 7
1641941327088 0.05001971125602722 8
1641941327743 0.04848645254969597 9
1641941328466 0.04704736918210983 10
1641941329176 0.04749118164181709 11
1641941329938 0.046205539256334305 12
1641941330626 0.045799821615219116 13
1641941331280 0.04414115473628044 14
1641941331912 0.04334356635808945 15
1641941332580 0.04368254914879799 16
1641941333252 0.042686473578214645 17
1641941333854 0.042637910693883896 18
1641941334527 0.04126577079296112 19
1641941335181 0.04043758660554886 20
1641941335833 0.04075828939676285 21
1641941336454 0.03964269161224365 22
1641941337114 0.038871027529239655 23
1641941337790 0.038225140422582626 24
1641941338438 0.037788838148117065 25
1641941339058 0.03723973408341408 26
1641941339739 0.03675291687250137 27
1641941340380 0.0356263667345047 28
1641941341276 0.03491154685616493 29
1641941342056 0.034276798367500305 30
1641941342856 0.034463703632354736 31
1641941343583 0.03316530957818031 32
1641941344335 0.031878512352705 33
1641941345123 0.031818799674510956 34
1641941345823 0.031329989433288574 35
1641941346550 0.030713757500052452 36
1641941347270 0.030724672600626945 37
1641941347894 0.029977843165397644 38
1641941348541 0.029129866510629654 39
1641941349252 0.028520477935671806 40
1641941349933 0.028046149760484695 41
1641941350580 0.027481863275170326 42
1641941351246 0.027523869648575783 43
1641941351911 0.026322564110159874 44
1641941352555 0.025784136727452278 45
1641941353167 0.025133857503533363 46
1641941353850 0.02481750398874283 47
1641941354456 0.024652957916259766 48
1641941355135 0.024299226701259613 49
1641941355737 0.023576820269227028 50
1641941356382 0.023390965536236763 51
1641941357011 0.0224697757512331 52
1641941357721 0.022417554631829262 53
1641941358355 0.022934261709451675 54
1641941359043 0.02206440269947052 55
1641941359676 0.0218898206949234 56
1641941360315 0.02133115381002426 57
1641941360988 0.02070254273712635 58
1641941361682 0.020818717777729034 59
1641941362310 0.020039955154061317 60
1641941362914 0.019747735932469368 61
1641941363581 0.01998225226998329 62
1641941364236 0.019651301205158234 63
1641941364890 0.01896960288286209 64
1641941365575 0.018438082188367844 65
1641941366232 0.018511822447180748 66
1641941366828 0.01813686452805996 67
1641941367455 0.01799902878701687 68
1641941368140 0.017854804173111916 69
1641941368756 0.017468489706516266 70
1641941369423 0.01686968095600605 71
1641941370095 0.016908301040530205 72
1641941370750 0.01725032553076744 73
1641941371419 0.016954999417066574 74
1641941372020 0.016971908509731293 75
1641941372679 0.01667565479874611 76
1641941373337 0.016482515260577202 77
1641941373944 0.015728704631328583 78
1641941374553 0.015880534425377846 79
