1642024601120 0.0714629516005516 0
1642024602343 0.058026161044836044 1
1642024603595 0.054897241294384 2
1642024604728 0.053390976041555405 3
1642024605842 0.05182831734418869 4
1642024606804 0.05052126571536064 5
1642024607747 0.049887776374816895 6
1642024608699 0.048810090869665146 7
1642024609638 0.04730256274342537 8
1642024610569 0.04694132134318352 9
1642024611510 0.045541729778051376 10
1642024612447 0.04491226375102997 11
1642024613418 0.04391069710254669 12
1642024614366 0.042456403374671936 13
1642024615302 0.04148947820067406 14
1642024616250 0.040710464119911194 15
1642024617134 0.039406269788742065 16
1642024618070 0.037640903145074844 17
1642024619014 0.036903854459524155 18
1642024619924 0.035800836980342865 19
