1642025005965 0.12439482659101486 0
1642025009535 0.07968036830425262 1
1642025012887 0.0746849998831749 2
1642025016285 0.0726909413933754 3
1642025019645 0.0711902603507042 4
1642025023034 0.06783092021942139 5
1642025026304 0.06523612141609192 6
1642025029656 0.06357940286397934 7
1642025033023 0.061299677938222885 8
1642025036353 0.06014542281627655 9
1642025039740 0.06037985533475876 10
1642025043143 0.05880708247423172 11
1642025046466 0.059936076402664185 12
1642025050062 0.05840752273797989 13
1642025053355 0.058700550347566605 14
1642025056625 0.05779047682881355 15
1642025060039 0.05770787224173546 16
1642025063254 0.05697435513138771 17
1642025066593 0.05571113899350166 18
1642025069996 0.055786311626434326 19
