1641956902237 0.07586222141981125 0
1641956905261 0.07161625474691391 1
1641956908005 0.07043328881263733 2
1641956910842 0.0701545923948288 3
1641956913520 0.06955339759588242 4
1641956916307 0.06966133415699005 5
1641956919076 0.06936834007501602 6
1641956921870 0.0691138282418251 7
1641956924863 0.06910812109708786 8
1641956927514 0.06879439949989319 9
1641956930142 0.069111168384552 10
1641956932851 0.0687236487865448 11
1641956935505 0.06863518059253693 12
1641956938286 0.06857341527938843 13
1641956940938 0.06899622082710266 14
1641956943651 0.06853482872247696 15
1641956946517 0.06858740746974945 16
1641956949179 0.06839262694120407 17
1641956951834 0.06855084747076035 18
1641956954504 0.06818105280399323 19
1641956957180 0.06855171173810959 20
1641956959860 0.06839647144079208 21
1641956962525 0.06840026378631592 22
1641956965198 0.06863433867692947 23
1641956967876 0.06844686716794968 24
1641956970538 0.06855082511901855 25
1641956973208 0.06823381036520004 26
1641956975870 0.06817123293876648 27
1641956978543 0.068187415599823 28
1641956981212 0.0683310478925705 29
1641956983906 0.0681285709142685 30
1641956986579 0.06805064529180527 31
1641956989266 0.0682104155421257 32
1641956991930 0.06841807067394257 33
1641956994609 0.0685650184750557 34
1641956997284 0.06819193810224533 35
1641956999952 0.06819431483745575 36
1641957002622 0.06802569329738617 37
1641957005298 0.06808918714523315 38
1641957007979 0.06821071356534958 39
1641957010642 0.06824997067451477 40
1641957013312 0.06820462644100189 41
1641957016022 0.06833413243293762 42
1641957018668 0.068149134516716 43
1641957021329 0.06812326610088348 44
1641957024007 0.06805624067783356 45
1641957026658 0.06798829138278961 46
1641957029358 0.06801607459783554 47
1641957031993 0.0680743083357811 48
1641957034658 0.06812398880720139 49
1641957037331 0.06806816160678864 50
1641957039996 0.06797723472118378 51
1641957042653 0.06812737882137299 52
1641957045334 0.0678681954741478 53
1641957047998 0.06799932569265366 54
1641957050688 0.06794361025094986 55
1641957053286 0.06801844388246536 56
1641957055954 0.06789582967758179 57
1641957058645 0.06788767129182816 58
1641957061307 0.06771409511566162 59
1641957063987 0.06788604706525803 60
1641957066658 0.06781242042779922 61
1641957069340 0.068091981112957 62
1641957071964 0.06802050769329071 63
1641957074657 0.06787346303462982 64
1641957077351 0.06775397807359695 65
1641957080162 0.06799492239952087 66
1641957082994 0.06796812266111374 67
1641957085834 0.06783146411180496 68
1641957088680 0.06792490929365158 69
1641957091396 0.06783203780651093 70
1641957094110 0.06782324612140656 71
1641957096801 0.06782804429531097 72
1641957099457 0.06767549365758896 73
1641957102121 0.06796249747276306 74
1641957104829 0.06771262735128403 75
1641957107508 0.0677328109741211 76
1641957110181 0.06781438738107681 77
1641957112910 0.06777665764093399 78
1641957115571 0.06762125343084335 79
