1641955909346 0.07364281266927719 0
1641955910904 0.059220775961875916 1
1641955912225 0.056002821773290634 2
1641955913497 0.054210688918828964 3
1641955914813 0.05352015793323517 4
1641955916109 0.052239879965782166 5
1641955917364 0.05139703303575516 6
1641955918615 0.05071873962879181 7
1641955919967 0.050122927874326706 8
1641955921224 0.04924949258565903 9
1641955922486 0.04871857166290283 10
1641955923835 0.04812324047088623 11
1641955925110 0.04683040827512741 12
1641955926367 0.04635917395353317 13
1641955927626 0.04557085782289505 14
1641955928967 0.04482299089431763 15
1641955930236 0.043808240443468094 16
1641955931494 0.04259105399250984 17
1641955932843 0.041811734437942505 18
1641955934109 0.041263122111558914 19
