1641938852570 0.12207386642694473 0
1641938853312 0.07251542806625366 1
1641938854021 0.06865473836660385 2
1641938854949 0.06472283601760864 3
1641938855706 0.0603291280567646 4
1641938856397 0.051999304443597794 5
1641938857152 0.05096367374062538 6
1641938857785 0.04904235154390335 7
1641938858442 0.047873515635728836 8
1641938859046 0.04739684239029884 9
1641938859734 0.047542229294776917 10
1641938860365 0.04598214104771614 11
1641938861056 0.04542047157883644 12
1641938861745 0.04503924027085304 13
1641938862387 0.04436328262090683 14
1641938863054 0.04399316757917404 15
1641938863649 0.042821597307920456 16
1641938864309 0.04201490432024002 17
1641938864937 0.041344963014125824 18
1641938865610 0.04069533571600914 19
1641938866263 0.03937580808997154 20
1641938866934 0.03833625465631485 21
1641938867649 0.03797653689980507 22
1641938868237 0.037910182029008865 23
1641938868864 0.03611607477068901 24
1641938869478 0.03613120689988136 25
1641938870085 0.03557082265615463 26
1641938870711 0.03548984229564667 27
1641938871326 0.034103162586688995 28
1641938871897 0.0335521325469017 29
1641938872522 0.03312325105071068 30
1641938873146 0.03218146041035652 31
1641938873720 0.03142758831381798 32
1641938874327 0.030787721276283264 33
1641938874945 0.02978242002427578 34
1641938875521 0.029501834884285927 35
1641938876156 0.02905510924756527 36
1641938876776 0.02832903154194355 37
1641938877380 0.028391655534505844 38
1641938878002 0.027783101424574852 39
1641938878622 0.027254631742835045 40
1641938879196 0.026283100247383118 41
1641938879804 0.02575492113828659 42
1641938880389 0.025231657549738884 43
1641938881005 0.024652201682329178 44
1641938881686 0.024745838716626167 45
1641938882295 0.024486906826496124 46
1641938882928 0.02357741817831993 47
1641938883527 0.022828256711363792 48
1641938884126 0.02293173409998417 49
1641938884719 0.02282973937690258 50
1641938885409 0.022017089650034904 51
1641938886048 0.02241632156074047 52
1641938886627 0.02138359472155571 53
1641938887235 0.020513096824288368 54
1641938887819 0.02051427774131298 55
1641938888439 0.01964956521987915 56
1641938889018 0.019841283559799194 57
1641938889638 0.019989537075161934 58
1641938890210 0.019028522074222565 59
1641938890829 0.018638059496879578 60
1641938891414 0.018628492951393127 61
1641938892022 0.01889226958155632 62
1641938892636 0.018611550331115723 63
1641938893218 0.017699863761663437 64
1641938893826 0.018044348806142807 65
1641938894398 0.017694391310214996 66
1641938895026 0.017227698117494583 67
1641938895600 0.017356734722852707 68
1641938896224 0.01731814257800579 69
1641938896830 0.01666748896241188 70
1641938897481 0.016565822064876556 71
1641938898169 0.0164128839969635 72
1641938898827 0.01640186831355095 73
1641938899415 0.015888798981904984 74
1641938900023 0.015905281528830528 75
1641938900607 0.015487110242247581 76
1641938901221 0.01537296548485756 77
1641938901805 0.016482479870319366 78
1641938902425 0.01524901483207941 79
