1642010357258 0.07479879260063171 0
1642010359118 0.06038089469075203 1
1642010360879 0.05616597458720207 2
1642010362234 0.05435510352253914 3
1642010363571 0.05356055125594139 4
1642010364967 0.053240709006786346 5
1642010366342 0.05171676725149155 6
1642010367657 0.0507715679705143 7
1642010368966 0.05025014281272888 8
1642010370266 0.05004316195845604 9
1642010371578 0.04900094121694565 10
1642010372854 0.048019297420978546 11
1642010374141 0.047556813806295395 12
1642010375418 0.045981667935848236 13
1642010376708 0.04547913372516632 14
1642010378011 0.04438095539808273 15
1642010379300 0.04352705553174019 16
1642010380584 0.04257212579250336 17
1642010381856 0.04131497070193291 18
1642010383167 0.04069589078426361 19
1642010384426 0.03950342908501625 20
1642010385709 0.03845858573913574 21
1642010387016 0.0379338301718235 22
1642010388291 0.03698847070336342 23
1642010389583 0.03613970801234245 24
1642010390889 0.034945856779813766 25
1642010392171 0.03415782377123833 26
1642010393505 0.03345107287168503 27
1642010394862 0.0320436991751194 28
1642010396168 0.03176489472389221 29
1642010397476 0.030545705929398537 30
1642010398770 0.02937081642448902 31
1642010400059 0.02921748347580433 32
1642010401377 0.02903635986149311 33
1642010402784 0.02823127992451191 34
1642010404122 0.027311164885759354 35
1642010405407 0.026248792186379433 36
1642010406697 0.02534295804798603 37
1642010408018 0.02553666941821575 38
1642010409313 0.024662215262651443 39
1642010410601 0.023950932547450066 40
1642010411889 0.02349286898970604 41
1642010413193 0.02265436388552189 42
1642010414488 0.022335417568683624 43
1642010415766 0.022584613412618637 44
1642010417044 0.021655526012182236 45
1642010418323 0.021336257457733154 46
1642010419609 0.02077023684978485 47
1642010420927 0.02050112746655941 48
1642010422222 0.020022734999656677 49
1642010423519 0.019746700301766396 50
1642010424798 0.01926022581756115 51
1642010426074 0.019191255792975426 52
1642010427369 0.018689583986997604 53
1642010428656 0.018509425222873688 54
1642010429939 0.01906849816441536 55
1642010431254 0.018483439460396767 56
1642010432544 0.017285341396927834 57
1642010433833 0.017256097868084908 58
1642010435130 0.016989445313811302 59
1642010436418 0.016589466482400894 60
1642010437725 0.016463780775666237 61
1642010439016 0.016916044056415558 62
1642010440303 0.016642993316054344 63
1642010441594 0.016007423400878906 64
1642010442906 0.015414528548717499 65
1642010444207 0.016550742089748383 66
1642010445506 0.015788648277521133 67
1642010446796 0.014788929373025894 68
1642010448083 0.014787168242037296 69
1642010449391 0.014980890788137913 70
1642010450675 0.013997193425893784 71
1642010451954 0.014331772923469543 72
1642010453249 0.014346531592309475 73
1642010454539 0.01386411301791668 74
1642010455874 0.014429225586354733 75
1642010457166 0.014412915334105492 76
1642010458453 0.013952188193798065 77
1642010459705 0.012999437749385834 78
1642010460997 0.012771897949278355 79
