1642008204589 0.7394111752510071 0
1642008207214 0.6274359822273254 1
1642008209779 0.5883010625839233 2
1642008212285 0.5745881795883179 3
1642008214817 0.5608277916908264 4
1642008217360 0.5553121566772461 5
1642008219894 0.5493687391281128 6
1642008222367 0.5423097014427185 7
1642008224934 0.5383767485618591 8
1642008227416 0.5293877720832825 9
1642008230019 0.5263928174972534 10
1642008232602 0.5221588611602783 11
1642008235109 0.5186421871185303 12
1642008237689 0.512116014957428 13
1642008240322 0.5152429342269897 14
1642008242971 0.5073513984680176 15
1642008245501 0.4965033531188965 16
1642008248017 0.4979187846183777 17
1642008250595 0.49632570147514343 18
1642008253092 0.49279430508613586 19
1642008255656 0.48585131764411926 20
1642008258159 0.48062777519226074 21
1642008260715 0.47639521956443787 22
1642008263260 0.47456374764442444 23
1642008265779 0.4739437401294708 24
1642008268327 0.46751126646995544 25
1642008270855 0.4585210382938385 26
1642008273350 0.4601614475250244 27
1642008275914 0.4556431472301483 28
1642008278405 0.455460786819458 29
1642008280970 0.45134401321411133 30
1642008283468 0.44684988260269165 31
1642008286044 0.44775745272636414 32
1642008288541 0.4414752721786499 33
1642008291122 0.43619421124458313 34
1642008293633 0.4370836317539215 35
1642008296219 0.4340918958187103 36
1642008298959 0.43045032024383545 37
1642008301589 0.4264807105064392 38
1642008304109 0.42088422179222107 39
