1642036727835 0.13714618980884552 0
1642036729567 0.07932134717702866 1
1642036731030 0.07143128663301468 2
1642036732491 0.06780117005109787 3
1642036733966 0.06372977048158646 4
1642036735441 0.06301914155483246 5
1642036736904 0.061294835060834885 6
1642036738371 0.06004912778735161 7
1642036739871 0.060070719569921494 8
1642036741340 0.0587795153260231 9
1642036742802 0.058391276746988297 10
1642036744282 0.057872526347637177 11
1642036745745 0.05732489377260208 12
1642036747210 0.05725627765059471 13
1642036748669 0.05699073150753975 14
1642036750172 0.056300774216651917 15
1642036751636 0.05636242404580116 16
1642036753090 0.055973660200834274 17
1642036754575 0.05572200566530228 18
1642036756040 0.055232707411050797 19
1642036757501 0.05502619221806526 20
1642036758961 0.054600585252046585 21
1642036760449 0.0538971945643425 22
1642036761929 0.05419931560754776 23
1642036763421 0.054000332951545715 24
1642036764905 0.05331754684448242 25
1642036766370 0.05310390889644623 26
1642036767828 0.05346068739891052 27
1642036769284 0.05319979414343834 28
1642036770831 0.05239177122712135 29
1642036772315 0.0521300733089447 30
1642036773775 0.051932062953710556 31
1642036775263 0.051763005554676056 32
1642036776720 0.05128621309995651 33
1642036778180 0.0516018383204937 34
1642036779650 0.05120876058936119 35
1642036781139 0.049555011093616486 36
1642036782605 0.05007645860314369 37
1642036784063 0.049852050840854645 38
1642036785545 0.049925297498703 39
1642036787007 0.049433641135692596 40
1642036788461 0.0495530366897583 41
1642036789935 0.04869561269879341 42
1642036791408 0.04876823350787163 43
1642036792865 0.04841545969247818 44
1642036794322 0.047943633049726486 45
1642036795806 0.04801168292760849 46
1642036797268 0.048717059195041656 47
1642036798732 0.047305166721343994 48
1642036800207 0.04785500466823578 49
1642036801683 0.04696321487426758 50
1642036803144 0.04713568091392517 51
1642036804606 0.04666130989789963 52
1642036806091 0.04594267159700394 53
1642036807558 0.04588000103831291 54
1642036809018 0.045858293771743774 55
1642036810512 0.04484052211046219 56
1642036811970 0.04541795700788498 57
1642036813437 0.044877562671899796 58
1642036814902 0.044915568083524704 59
1642036816391 0.044790010899305344 60
1642036817855 0.04418093338608742 61
1642036819317 0.04453591629862785 62
1642036820793 0.04374893754720688 63
1642036822252 0.043052997440099716 64
1642036823712 0.04405105113983154 65
1642036825174 0.04408780112862587 66
1642036826664 0.042885780334472656 67
1642036828128 0.042795583605766296 68
1642036829584 0.04265575110912323 69
1642036831071 0.04183465614914894 70
1642036832544 0.04213842749595642 71
1642036834007 0.042087119072675705 72
1642036835474 0.04125961288809776 73
1642036836964 0.04172676429152489 74
1642036838428 0.04157336428761482 75
1642036839890 0.041192591190338135 76
1642036841378 0.04098839312791824 77
1642036842840 0.04090820997953415 78
1642036844303 0.040009185671806335 79
