1642031145424 0.839562714099884 0
1642031147460 0.749671995639801 1
1642031149254 0.7015259265899658 2
1642031150849 0.6576042771339417 3
1642031152429 0.6186410188674927 4
1642031154069 0.5976133942604065 5
1642031155640 0.5824872255325317 6
1642031157244 0.5791159272193909 7
1642031158824 0.5748798847198486 8
1642031160414 0.5587725639343262 9
1642031162038 0.5599254369735718 10
1642031163637 0.556815505027771 11
1642031165223 0.5523958206176758 12
1642031166800 0.546411395072937 13
1642031168400 0.5464412569999695 14
1642031169980 0.5407276749610901 15
1642031171609 0.5345535278320312 16
1642031173221 0.5314283967018127 17
1642031174801 0.5280823707580566 18
1642031176386 0.525421679019928 19
1642031177965 0.5201223492622375 20
1642031179544 0.515929639339447 21
1642031181175 0.5183641314506531 22
1642031182790 0.5140292644500732 23
1642031184376 0.5072246789932251 24
1642031185977 0.5072904229164124 25
1642031187571 0.5048218369483948 26
1642031189193 0.5038106441497803 27
1642031190922 0.49729397892951965 28
1642031192516 0.5014778971672058 29
1642031194103 0.4959525167942047 30
1642031195682 0.48688584566116333 31
1642031197271 0.48852571845054626 32
1642031198893 0.4854958951473236 33
1642031200502 0.48094186186790466 34
1642031202090 0.48364779353141785 35
1642031203680 0.47465354204177856 36
1642031205283 0.47487297654151917 37
1642031206867 0.4682239890098572 38
1642031208486 0.47004416584968567 39
