1642010197030 0.0900573581457138 0
1642010198694 0.06682127714157104 1
1642010200225 0.061549533158540726 2
1642010201645 0.05887063965201378 3
1642010203092 0.05707496404647827 4
1642010204506 0.056754544377326965 5
1642010205880 0.055410806089639664 6
1642010207312 0.055208586156368256 7
1642010208707 0.05369933322072029 8
1642010210120 0.054093535989522934 9
1642010211524 0.05314534530043602 10
1642010212984 0.05304654315114021 11
1642010214396 0.052379097789525986 12
1642010215758 0.05248715728521347 13
1642010217181 0.051678918302059174 14
1642010218749 0.050316065549850464 15
1642010220187 0.05096254497766495 16
1642010221661 0.050247617065906525 17
1642010223137 0.050068628042936325 18
1642010224533 0.04986927658319473 19
