1641936375595 0.09755714982748032 0
1641936377905 0.06654715538024902 1
1641936380147 0.06298452615737915 2
1641936382248 0.060596976429224014 3
1641936384327 0.05949373170733452 4
1641936386472 0.05902063474059105 5
1641936388574 0.058705464005470276 6
1641936390703 0.0579310841858387 7
1641936392793 0.05742727965116501 8
1641936394891 0.05686802789568901 9
1641936397034 0.05615270510315895 10
1641936399122 0.055882152169942856 11
1641936401207 0.05530083552002907 12
1641936403330 0.05430961027741432 13
1641936405421 0.05402270704507828 14
1641936407552 0.052842266857624054 15
1641936409702 0.052764542400836945 16
1641936411908 0.05289104953408241 17
1641936414029 0.05173879116773605 18
1641936416132 0.05290219187736511 19
1641936418271 0.05128779262304306 20
1641936420367 0.05117737501859665 21
1641936422460 0.05021898075938225 22
1641936424589 0.05006815865635872 23
1641936426678 0.04948689788579941 24
1641936428794 0.04918944463133812 25
1641936430899 0.04914982616901398 26
1641936433033 0.04865599423646927 27
1641936435143 0.048042770475149155 28
1641936437225 0.047791533172130585 29
1641936439364 0.04722226783633232 30
1641936441438 0.04692130535840988 31
1641936443550 0.04610607028007507 32
1641936445638 0.04573041945695877 33
1641936447716 0.04515284299850464 34
1641936449859 0.04485755041241646 35
1641936451950 0.04393528774380684 36
1641936454077 0.043781183660030365 37
1641936456175 0.04341457411646843 38
1641936458262 0.043460458517074585 39
1641936460404 0.04277152195572853 40
1641936462493 0.04294310510158539 41
1641936464628 0.041920583695173264 42
1641936466721 0.042062144726514816 43
1641936468839 0.041478414088487625 44
1641936470911 0.04151897877454758 45
1641936473000 0.04048164188861847 46
1641936475130 0.04024782404303551 47
1641936477215 0.03985448554158211 48
1641936479377 0.039514631032943726 49
1641936481468 0.03962455317378044 50
1641936483538 0.03845273703336716 51
1641936485680 0.03902147710323334 52
1641936487766 0.03866437077522278 53
1641936489882 0.03826287388801575 54
1641936491964 0.0375102274119854 55
1641936494103 0.03739670664072037 56
1641936496177 0.03725994750857353 57
1641936498262 0.0374048575758934 58
1641936500391 0.03616524860262871 59
1641936502492 0.036531001329422 60
1641936504626 0.035564880818128586 61
1641936506710 0.035733990371227264 62
1641936508839 0.03551013022661209 63
1641936510927 0.03527812287211418 64
1641936513010 0.035426653921604156 65
1641936515166 0.034736573696136475 66
1641936517268 0.03460589423775673 67
1641936519400 0.03470993414521217 68
1641936521497 0.034268055111169815 69
1641936523621 0.034752003848552704 70
1641936525776 0.034504231065511703 71
1641936527861 0.033772584050893784 72
1641936529994 0.03385724872350693 73
1641936532089 0.03335661068558693 74
1641936534225 0.032805152237415314 75
1641936536325 0.03318972885608673 76
1641936538441 0.033147767186164856 77
1641936540519 0.03277288004755974 78
1641936542649 0.03201219439506531 79
