1642025996749 0.08171157538890839 0
1642025998622 0.05926893278956413 1
1642026000263 0.05659167468547821 2
1642026001820 0.05479413643479347 3
1642026003380 0.05380289629101753 4
1642026004924 0.05258898437023163 5
1642026006523 0.05144483223557472 6
1642026008135 0.05108831450343132 7
1642026009747 0.05066973716020584 8
1642026011312 0.049469903111457825 9
1642026012940 0.04863721504807472 10
1642026014467 0.04803391918540001 11
1642026015993 0.04711258038878441 12
1642026017561 0.046019554138183594 13
1642026019166 0.0445726104080677 14
1642026020652 0.04339825361967087 15
1642026022180 0.04272105172276497 16
1642026023710 0.04162352532148361 17
1642026025211 0.04022763669490814 18
1642026026785 0.039250243455171585 19
1642026028287 0.03717345371842384 20
1642026029842 0.035965967923402786 21
1642026031454 0.03545834496617317 22
1642026032999 0.03456982597708702 23
1642026034597 0.032876793295145035 24
1642026036135 0.03301577270030975 25
1642026037748 0.03131643310189247 26
1642026039378 0.02972641959786415 27
1642026041052 0.028590422123670578 28
1642026042675 0.027997344732284546 29
1642026044266 0.026651589199900627 30
1642026045774 0.025746861472725868 31
1642026047357 0.024440381675958633 32
1642026048983 0.02380865067243576 33
1642026050542 0.023306652903556824 34
1642026052037 0.022259823977947235 35
1642026053635 0.022420981898903847 36
1642026055165 0.021286875009536743 37
1642026056675 0.020192602649331093 38
1642026058281 0.020080646499991417 39
