1642026456649 0.14523769915103912 0
1642026457739 0.08385660499334335 1
1642026458828 0.07587216049432755 2
1642026460048 0.06995446234941483 3
1642026461238 0.06772845983505249 4
1642026462338 0.06542044132947922 5
1642026463446 0.0638904944062233 6
1642026464571 0.06271400302648544 7
1642026465862 0.060616783797740936 8
1642026467237 0.05955139920115471 9
1642026468621 0.05906001105904579 10
1642026469919 0.058519039303064346 11
1642026471103 0.057548005133867264 12
1642026472259 0.057644184678792953 13
1642026473366 0.056557655334472656 14
1642026474473 0.05682498961687088 15
1642026475629 0.05583891272544861 16
1642026476717 0.05602668598294258 17
1642026477871 0.05584467574954033 18
1642026479019 0.055132508277893066 19
