1642034688926 0.49163389205932617 0
1642034689708 0.1286872774362564 1
1642034690553 0.1030900627374649 2
1642034691370 0.09333951771259308 3
1642034692213 0.08660439401865005 4
1642034693041 0.0821782723069191 5
1642034693877 0.08046133816242218 6
1642034694709 0.07990746200084686 7
1642034695535 0.07681521028280258 8
1642034696346 0.07616940140724182 9
1642034697204 0.07482951134443283 10
1642034698038 0.07450485229492188 11
1642034698874 0.07245849817991257 12
1642034699761 0.07129180431365967 13
1642034700661 0.07026153802871704 14
1642034701553 0.06927748024463654 15
1642034702380 0.06797798722982407 16
1642034703214 0.06775504350662231 17
1642034704099 0.06691879779100418 18
1642034704926 0.06627779453992844 19
1642034705810 0.0654096007347107 20
1642034706642 0.06492065638303757 21
1642034707469 0.06423927843570709 22
1642034708297 0.06361452490091324 23
1642034709209 0.06291919201612473 24
1642034710308 0.06302853673696518 25
1642034711262 0.061975736171007156 26
1642034712423 0.06144649535417557 27
1642034713521 0.06259078532457352 28
1642034714559 0.06098608672618866 29
1642034715483 0.06082556024193764 30
1642034716409 0.06144232302904129 31
1642034717238 0.061153706163167953 32
1642034718117 0.06060236319899559 33
1642034718968 0.06100332364439964 34
1642034719805 0.06028180196881294 35
1642034720629 0.060298994183540344 36
1642034721407 0.059970881789922714 37
1642034722242 0.06036528944969177 38
1642034723077 0.05942707881331444 39
1642034723944 0.05886778607964516 40
1642034724726 0.06022578105330467 41
1642034725606 0.06048524007201195 42
1642034726401 0.059532299637794495 43
1642034727242 0.05965614318847656 44
1642034728059 0.05925380811095238 45
1642034728864 0.05848149210214615 46
1642034729754 0.05875498056411743 47
1642034730590 0.05828101933002472 48
1642034731427 0.05827236548066139 49
1642034732263 0.05821897089481354 50
1642034733090 0.05765077471733093 51
1642034733900 0.058220744132995605 52
1642034734766 0.0566447377204895 53
1642034735545 0.05741666257381439 54
1642034736371 0.057475440204143524 55
1642034737212 0.056742049753665924 56
1642034738038 0.05664340406656265 57
1642034738861 0.057057395577430725 58
1642034739688 0.056557219475507736 59
1642034740503 0.05643134564161301 60
1642034741341 0.05624696612358093 61
1642034742143 0.056310512125492096 62
1642034742977 0.056408755481243134 63
1642034743811 0.05627039074897766 64
1642034744626 0.05579651519656181 65
1642034745433 0.056529801338911057 66
1642034746255 0.05577666684985161 67
1642034747083 0.05557585135102272 68
1642034747894 0.05564606562256813 69
1642034748691 0.05544609948992729 70
1642034749579 0.05506748706102371 71
1642034750404 0.05525123327970505 72
1642034751244 0.055453334003686905 73
1642034752074 0.05564294382929802 74
1642034752921 0.05481468141078949 75
1642034753802 0.05510494112968445 76
1642034754598 0.05487046763300896 77
1642034755457 0.055081404745578766 78
1642034756390 0.05456298217177391 79
