1642025917570 0.07574715465307236 0
1642025919520 0.05961069464683533 1
1642025921329 0.0560782290995121 2
1642025922938 0.05481129512190819 3
1642025924516 0.05354801192879677 4
1642025926093 0.05224107950925827 5
1642025927574 0.05177037790417671 6
1642025929126 0.051100824028253555 7
1642025930660 0.05053245648741722 8
1642025932141 0.04936414584517479 9
1642025933661 0.048260997980833054 10
1642025935136 0.047892894595861435 11
1642025936697 0.04729647934436798 12
1642025938235 0.045733921229839325 13
1642025939780 0.04466892406344414 14
1642025941302 0.0433981753885746 15
1642025942886 0.042208313941955566 16
1642025944360 0.04137009009718895 17
1642025945862 0.040036171674728394 18
1642025947415 0.03867929056286812 19
