1641956353003 0.07560526579618454 0
1641956353800 0.0601160041987896 1
1641956354530 0.05597257986664772 2
1641956355213 0.053751908242702484 3
1641956355935 0.05204232782125473 4
1641956356682 0.05211997032165527 5
1641956357369 0.04985992610454559 6
1641956358090 0.049277402460575104 7
1641956358792 0.04827496036887169 8
1641956359519 0.04758857563138008 9
1641956360205 0.046364348381757736 10
1641956360893 0.04566386714577675 11
1641956361614 0.04507291316986084 12
1641956362301 0.04399619996547699 13
1641956363020 0.04295394942164421 14
1641956363712 0.04222794994711876 15
1641956364421 0.04115632176399231 16
1641956365110 0.04084765538573265 17
1641956365791 0.03972926735877991 18
1641956366526 0.03811013326048851 19
1641956367208 0.03755347803235054 20
1641956367934 0.03669271990656853 21
1641956368611 0.03494939208030701 22
1641956369343 0.03511565178632736 23
1641956370024 0.03460099548101425 24
1641956370749 0.03355465829372406 25
1641956371439 0.03182528540492058 26
1641956372125 0.030832111835479736 27
1641956372842 0.030134402215480804 28
1641956373523 0.02918035164475441 29
1641956374249 0.02831484004855156 30
1641956374928 0.02762395329773426 31
1641956375644 0.027624713256955147 32
1641956376336 0.02602187544107437 33
1641956377026 0.025078650563955307 34
1641956377743 0.025035863742232323 35
1641956378430 0.02493155375123024 36
1641956379152 0.023865334689617157 37
1641956379842 0.023303257301449776 38
1641956380518 0.022248918190598488 39
