1642031917186 1.090201735496521 0
1642031918160 0.8238033056259155 1
1642031919072 0.7785810828208923 2
1642031920108 0.7479239702224731 3
1642031920972 0.7326094508171082 4
1642031921869 0.7033816576004028 5
1642031922687 0.6896106600761414 6
1642031923477 0.6708837151527405 7
1642031924258 0.6618598699569702 8
1642031925000 0.6501678824424744 9
1642031925786 0.6425749063491821 10
1642031926577 0.638192355632782 11
1642031927372 0.6333596110343933 12
1642031928162 0.6297217607498169 13
1642031928948 0.6219457983970642 14
1642031929689 0.6221739053726196 15
1642031930479 0.6151533722877502 16
1642031931280 0.6142986416816711 17
1642031932072 0.6158202290534973 18
1642031932856 0.6040939092636108 19
1642031933643 0.5959303975105286 20
1642031934386 0.5986598134040833 21
1642031935171 0.6006707549095154 22
1642031935952 0.5931685566902161 23
1642031936741 0.5933331251144409 24
1642031937521 0.5932431221008301 25
1642031938308 0.5907326340675354 26
1642031939047 0.5883381962776184 27
1642031939836 0.5878299474716187 28
1642031940623 0.5868962407112122 29
1642031941397 0.580641508102417 30
1642031942151 0.5834925174713135 31
1642031942941 0.5805877447128296 32
1642031943730 0.5779296159744263 33
1642031944521 0.5768454074859619 34
1642031945307 0.5744150876998901 35
1642031946089 0.5705811381340027 36
1642031946833 0.5697697997093201 37
1642031947626 0.5678276419639587 38
1642031948405 0.5724431276321411 39
1642031949182 0.5633144974708557 40
1642031949933 0.5711232423782349 41
1642031950720 0.5668248534202576 42
1642031951501 0.558170735836029 43
1642031952288 0.5564044713973999 44
1642031953082 0.557530403137207 45
1642031953874 0.5616589784622192 46
1642031954666 0.5579951405525208 47
1642031955454 0.5594691038131714 48
1642031956240 0.5551285147666931 49
1642031957029 0.5528804659843445 50
1642031957820 0.5545876622200012 51
1642031958614 0.5595144033432007 52
1642031959409 0.5474076867103577 53
1642031960196 0.5482653379440308 54
1642031960954 0.5489714741706848 55
1642031961779 0.5450301170349121 56
1642031962622 0.5546384453773499 57
1642031963446 0.5513683557510376 58
1642031964235 0.545493483543396 59
1642031965020 0.5434014201164246 60
1642031965815 0.5458459258079529 61
1642031966610 0.5403039455413818 62
1642031967389 0.5507480502128601 63
1642031968177 0.5463905930519104 64
1642031968965 0.538511335849762 65
1642031969707 0.537918746471405 66
1642031970503 0.5393861532211304 67
1642031971280 0.5402313470840454 68
1642031972062 0.53624027967453 69
1642031972841 0.5281189680099487 70
1642031973619 0.5318838953971863 71
1642031974408 0.5278268456459045 72
1642031975204 0.5260775685310364 73
1642031975987 0.5329684019088745 74
1642031976775 0.5353349447250366 75
1642031977568 0.5290411710739136 76
1642031978348 0.5271053314208984 77
1642031979088 0.5337409377098083 78
1642031979879 0.523798942565918 79
