1641956031382 0.09175427258014679 0
1641956033046 0.06568678468465805 1
1641956034505 0.06088554859161377 2
1641956035943 0.05821453034877777 3
1641956037376 0.05740898475050926 4
1641956038775 0.05703982338309288 5
1641956040250 0.05568946897983551 6
1641956041626 0.05506165698170662 7
1641956043105 0.05439375340938568 8
1641956044503 0.053842976689338684 9
1641956045980 0.05338113754987717 10
1641956047396 0.05311709642410278 11
1641956048770 0.05273427069187164 12
1641956050239 0.05256948992609978 13
1641956051626 0.05144248902797699 14
1641956053109 0.051490817219018936 15
1641956054477 0.050938546657562256 16
1641956055928 0.05025443807244301 17
1641956057340 0.050334688276052475 18
1641956058756 0.04997538775205612 19
1641956060259 0.049524132162332535 20
1641956061647 0.04901335388422012 21
1641956063126 0.04909127578139305 22
1641956064507 0.04855075851082802 23
1641956066035 0.04837788641452789 24
1641956067483 0.04796050116419792 25
1641956068979 0.047526098787784576 26
1641956070396 0.04709281772375107 27
1641956071779 0.04693371430039406 28
1641956073268 0.04598795622587204 29
1641956074700 0.045860785990953445 30
1641956076181 0.04585050418972969 31
1641956077568 0.04546437785029411 32
1641956079059 0.04506051167845726 33
1641956080442 0.04447540268301964 34
1641956081881 0.044346798211336136 35
1641956083316 0.04376771301031113 36
1641956084701 0.043638069182634354 37
1641956086179 0.043096873909235 38
1641956087561 0.04275647550821304 39
