1642008725386 0.6562796831130981 0
1642008726971 0.5684769153594971 1
1642008728268 0.5481489896774292 2
1642008729561 0.534162163734436 3
1642008730791 0.5208742022514343 4
1642008732087 0.511752724647522 5
1642008733317 0.5031890869140625 6
1642008734592 0.4923574924468994 7
1642008735806 0.4870356023311615 8
1642008737084 0.4786020815372467 9
1642008738320 0.47088032960891724 10
1642008739603 0.4613810181617737 11
1642008740844 0.4535994231700897 12
1642008742145 0.4412670135498047 13
1642008743373 0.4317605495452881 14
1642008744658 0.4203784465789795 15
1642008745888 0.4102940559387207 16
1642008747169 0.4009207487106323 17
1642008748396 0.3860880434513092 18
1642008749707 0.37526822090148926 19
