1642009251441 0.653815746307373 0
1642009252394 0.5698011517524719 1
1642009253299 0.5361713767051697 2
1642009254203 0.5301840305328369 3
1642009255019 0.5135664939880371 4
1642009255735 0.505997896194458 5
1642009256455 0.49251604080200195 6
1642009257166 0.4863828420639038 7
1642009257870 0.48147282004356384 8
1642009258594 0.4663028419017792 9
1642009259314 0.4564637839794159 10
1642009260036 0.4504193961620331 11
1642009260760 0.4357213079929352 12
1642009261486 0.4267689287662506 13
1642009262207 0.4146662652492523 14
1642009262936 0.4011968970298767 15
1642009263661 0.3952106535434723 16
1642009264383 0.3808579742908478 17
1642009265105 0.3713853657245636 18
1642009265809 0.360621839761734 19
1642009266526 0.3459814786911011 20
1642009267257 0.3329751789569855 21
1642009267977 0.31959080696105957 22
1642009268701 0.3063722848892212 23
1642009269420 0.3089955449104309 24
1642009270138 0.29505792260169983 25
1642009270866 0.2833583354949951 26
1642009271582 0.26774320006370544 27
1642009272281 0.2602751851081848 28
1642009273006 0.25537651777267456 29
1642009273724 0.24680951237678528 30
1642009274445 0.2379406839609146 31
1642009275167 0.22745995223522186 32
1642009275891 0.22720816731452942 33
1642009276609 0.2185344099998474 34
1642009277328 0.20701304078102112 35
1642009278034 0.20217397809028625 36
1642009278756 0.19429731369018555 37
1642009279474 0.19173146784305573 38
1642009280199 0.19092957675457 39
1642009280918 0.17543569207191467 40
1642009281638 0.17637057602405548 41
1642009282361 0.17746536433696747 42
1642009283080 0.1681279093027115 43
1642009283816 0.1590946763753891 44
1642009284521 0.16426581144332886 45
1642009285248 0.16255713999271393 46
1642009285970 0.1519068479537964 47
1642009286705 0.15316642820835114 48
1642009287460 0.14690834283828735 49
1642009288223 0.14348271489143372 50
1642009288974 0.13646839559078217 51
1642009289682 0.15075431764125824 52
1642009290392 0.14632689952850342 53
1642009291112 0.14527395367622375 54
1642009291836 0.13305188715457916 55
1642009292560 0.12888547778129578 56
1642009293285 0.12910959124565125 57
1642009294017 0.1304641216993332 58
1642009294736 0.1309703290462494 59
1642009295500 0.13084451854228973 60
1642009296239 0.1245586946606636 61
1642009297002 0.12168494611978531 62
1642009297725 0.12333115935325623 63
1642009298447 0.11792968958616257 64
1642009299174 0.11546336114406586 65
1642009299905 0.11835857480764389 66
1642009300628 0.11520438641309738 67
1642009301340 0.1142544150352478 68
1642009302050 0.10739012807607651 69
1642009302773 0.12277241051197052 70
1642009303493 0.12377624958753586 71
1642009304223 0.11499329656362534 72
1642009304951 0.1023295447230339 73
1642009305675 0.09659383445978165 74
1642009306401 0.1014992892742157 75
1642009307129 0.10999498516321182 76
1642009307855 0.10341132432222366 77
1642009308557 0.09717636555433273 78
1642009309290 0.09654133766889572 79
