1642021469327 0.8250020742416382 0
1642021472528 0.7366974353790283 1
1642021475299 0.6855735778808594 2
1642021478342 0.6430698037147522 3
1642021481099 0.6102386713027954 4
1642021483976 0.6011556386947632 5
1642021486855 0.5904039740562439 6
1642021490078 0.5828242301940918 7
1642021493174 0.5768956542015076 8
1642021496024 0.5716482400894165 9
1642021498730 0.5669422149658203 10
1642021501474 0.5623965263366699 11
1642021504180 0.5586143732070923 12
1642021507039 0.5562264919281006 13
1642021509792 0.5560261607170105 14
1642021512749 0.5459524989128113 15
1642021515512 0.5488635301589966 16
1642021518240 0.5374169945716858 17
1642021521034 0.5354608297348022 18
1642021523788 0.5348869562149048 19
