1642024626963 0.1363925039768219 0
1642024628298 0.08118825405836105 1
1642024629704 0.07492079585790634 2
1642024630887 0.0709940567612648 3
1642024631970 0.06794323772192001 4
1642024633019 0.06553880125284195 5
1642024634151 0.06356889754533768 6
1642024635251 0.06163841485977173 7
1642024636356 0.06166715919971466 8
1642024637444 0.059312764555215836 9
1642024638559 0.05899282544851303 10
1642024639674 0.058111242949962616 11
1642024640768 0.057854391634464264 12
1642024641866 0.056957170367240906 13
1642024642959 0.056278426200151443 14
1642024644030 0.056387193500995636 15
1642024645081 0.055862873792648315 16
1642024646164 0.05524790659546852 17
1642024647231 0.05533090606331825 18
1642024648338 0.055111609399318695 19
