1641957554603 0.07446730881929398 0
1641957556148 0.07138429582118988 1
1641957557657 0.07058636844158173 2
1641957559110 0.07009705156087875 3
1641957560465 0.07086892426013947 4
1641957561864 0.06952131539583206 5
1641957563267 0.06941315531730652 6
1641957564654 0.06922842562198639 7
1641957566042 0.068993479013443 8
1641957567411 0.06885784864425659 9
1641957568835 0.06926543265581131 10
1641957570184 0.06904371827840805 11
1641957571587 0.06872577220201492 12
1641957572990 0.06922571361064911 13
1641957574407 0.06916240602731705 14
1641957575779 0.06899602711200714 15
1641957577184 0.0687679871916771 16
1641957578566 0.06846383213996887 17
1641957579940 0.06891302019357681 18
1641957581338 0.06892198324203491 19
1641957582737 0.06851902604103088 20
1641957584146 0.06838751584291458 21
1641957585505 0.06871534883975983 22
1641957586895 0.06842409074306488 23
1641957588251 0.0684819221496582 24
1641957589721 0.06842106580734253 25
1641957591238 0.06821931898593903 26
1641957592699 0.0681409016251564 27
1641957594063 0.06813865900039673 28
1641957595476 0.06821610033512115 29
1641957596830 0.06825815141201019 30
1641957598258 0.06838319450616837 31
1641957599647 0.06817525625228882 32
1641957601002 0.06804616749286652 33
1641957602417 0.06801149249076843 34
1641957603775 0.06830963492393494 35
1641957605178 0.06811246275901794 36
1641957606597 0.06812790036201477 37
1641957607986 0.0679369643330574 38
1641957609363 0.06807812303304672 39
1641957610785 0.06807854771614075 40
1641957612197 0.06801315397024155 41
1641957613587 0.06807203590869904 42
1641957614997 0.06772014498710632 43
1641957616364 0.06804635375738144 44
1641957617782 0.06780913472175598 45
1641957619182 0.06779196858406067 46
1641957620540 0.06785624474287033 47
1641957621948 0.06776133179664612 48
1641957623302 0.06772974133491516 49
1641957624704 0.06797458231449127 50
1641957626108 0.06761087477207184 51
1641957627466 0.06763537228107452 52
1641957628873 0.0676562637090683 53
1641957630242 0.06775402277708054 54
1641957631657 0.06777185201644897 55
1641957633070 0.06776297837495804 56
1641957634444 0.06783078610897064 57
1641957635864 0.06762737035751343 58
1641957637263 0.06811412423849106 59
1641957638639 0.067680224776268 60
1641957640056 0.06778839230537415 61
1641957641425 0.06763611733913422 62
1641957642823 0.06752850115299225 63
1641957644257 0.06804153323173523 64
1641957645639 0.06760552525520325 65
1641957647035 0.06773941963911057 66
1641957648460 0.06767548620700836 67
1641957649854 0.06760266423225403 68
1641957651240 0.0676465556025505 69
1641957652654 0.06793787330389023 70
1641957654054 0.06750791519880295 71
1641957655443 0.06758720427751541 72
1641957656847 0.06749328225851059 73
1641957658221 0.06750782579183578 74
1641957659620 0.06755836308002472 75
1641957661003 0.0677485316991806 76
1641957662415 0.06737202405929565 77
1641957663827 0.06761937588453293 78
1641957665216 0.0675407126545906 79
