1642022598982 0.8321123123168945 0
1642022600909 0.7422468662261963 1
1642022602528 0.6905972361564636 2
1642022604141 0.6485360264778137 3
1642022605817 0.6213371157646179 4
1642022607352 0.6043275594711304 5
1642022608961 0.5853966474533081 6
1642022610575 0.5735071897506714 7
1642022612162 0.5692077279090881 8
1642022613752 0.565115213394165 9
1642022615349 0.560422956943512 10
1642022616956 0.5523607134819031 11
1642022618539 0.5496991276741028 12
1642022620095 0.5491368174552917 13
1642022621694 0.5384871959686279 14
1642022623281 0.5356776714324951 15
1642022624851 0.5348086953163147 16
1642022626454 0.5271086692810059 17
1642022628053 0.5324387550354004 18
1642022629668 0.5230273604393005 19
1642022631263 0.5209502577781677 20
1642022632864 0.514976978302002 21
1642022634472 0.5148249864578247 22
1642022636050 0.511608362197876 23
1642022637623 0.5092941522598267 24
1642022639207 0.5058279037475586 25
1642022640755 0.5044021010398865 26
1642022642342 0.4970681667327881 27
1642022643978 0.4965277314186096 28
1642022645592 0.4958578944206238 29
1642022647199 0.49002605676651 30
1642022648753 0.4899766445159912 31
1642022650361 0.4806710481643677 32
1642022651975 0.48082900047302246 33
1642022653585 0.47769373655319214 34
1642022655171 0.473559707403183 35
1642022656716 0.47514912486076355 36
1642022658315 0.46727052330970764 37
1642022659921 0.47190067172050476 38
1642022661548 0.46757200360298157 39
