1641939093648 0.1335178017616272 0
1641939094335 0.06955907493829727 1
1641939095008 0.06350298970937729 2
1641939095694 0.060590293258428574 3
1641939096402 0.056639861315488815 4
1641939097098 0.05326264724135399 5
1641939097829 0.05150967463850975 6
1641939098503 0.050435133278369904 7
1641939099107 0.04900738596916199 8
1641939099707 0.04729951545596123 9
1641939100353 0.04676599055528641 10
1641939100982 0.045463014394044876 11
1641939101620 0.0455293208360672 12
1641939102222 0.04541845619678497 13
1641939102850 0.04286108911037445 14
1641939103485 0.043247926980257034 15
1641939104096 0.04215897619724274 16
1641939104699 0.04196309670805931 17
1641939105331 0.04092371091246605 18
1641939105963 0.03928380459547043 19
1641939106594 0.03888349235057831 20
1641939107218 0.037834253162145615 21
1641939107815 0.03749283403158188 22
1641939108447 0.037212420254945755 23
1641939109087 0.03715749457478523 24
1641939109716 0.03650239109992981 25
1641939110367 0.035777218639850616 26
1641939111004 0.035591185092926025 27
1641939111603 0.0356256328523159 28
1641939112236 0.033386874943971634 29
1641939112872 0.03210797905921936 30
1641939113498 0.03211113065481186 31
1641939114087 0.031509879976511 32
1641939114712 0.030209995806217194 33
1641939115354 0.0300073754042387 34
1641939115994 0.029213659465312958 35
1641939116607 0.028007546439766884 36
1641939117253 0.028155025094747543 37
1641939117845 0.028082743287086487 38
1641939118485 0.02761736884713173 39
1641939119121 0.027342775836586952 40
1641939119763 0.02592395432293415 41
1641939120409 0.025165146216750145 42
1641939121030 0.024598920717835426 43
1641939121678 0.023991387337446213 44
1641939122316 0.023558586835861206 45
1641939122957 0.02302795648574829 46
1641939123552 0.023128842934966087 47
1641939124189 0.02230909653007984 48
1641939124814 0.022788306698203087 49
1641939125455 0.021720046177506447 50
1641939126094 0.02209136076271534 51
1641939126742 0.021689970046281815 52
1641939127388 0.021199174225330353 53
1641939127980 0.020090719684958458 54
1641939128621 0.021148324012756348 55
1641939129257 0.019860660657286644 56
1641939129903 0.02004927210509777 57
1641939130541 0.01914212852716446 58
1641939131179 0.018906882032752037 59
1641939131812 0.019000813364982605 60
1641939132450 0.01879953220486641 61
1641939133058 0.01815687119960785 62
1641939133703 0.01801287569105625 63
1641939134329 0.017955539748072624 64
1641939134935 0.01734924130141735 65
1641939135579 0.016903206706047058 66
1641939136226 0.01695789210498333 67
1641939136857 0.016209209337830544 68
1641939137495 0.016723787412047386 69
1641939138206 0.016282059252262115 70
1641939138859 0.016167595982551575 71
1641939139550 0.015941230580210686 72
1641939140189 0.015678919851779938 73
1641939140836 0.015210436657071114 74
1641939141474 0.015017530880868435 75
1641939142112 0.015452966094017029 76
1641939142710 0.014815148897469044 77
1641939143346 0.014277049340307713 78
1641939143982 0.014685145579278469 79
1641939144578 0.014564567245543003 80
1641939145222 0.014513886533677578 81
1641939145867 0.014096252620220184 82
1641939146486 0.013862626627087593 83
1641939147134 0.01351022906601429 84
1641939147733 0.013177713379263878 85
1641939148365 0.01357495691627264 86
1641939149006 0.013654418289661407 87
1641939149598 0.013490704819560051 88
1641939150221 0.013311001472175121 89
1641939150861 0.013286926783621311 90
1641939151451 0.012692398391664028 91
1641939152087 0.012803534977138042 92
1641939152719 0.012341581284999847 93
1641939153355 0.012672399170696735 94
1641939153993 0.012266269885003567 95
1641939154612 0.012424051761627197 96
1641939155216 0.012063480913639069 97
1641939155855 0.01193469949066639 98
1641939156488 0.012035444378852844 99
1641939157128 0.011767941527068615 100
1641939157746 0.011751779355108738 101
1641939158343 0.01160132884979248 102
1641939158976 0.011981717310845852 103
1641939159610 0.011573368683457375 104
1641939160242 0.011522860266268253 105
1641939160880 0.011124659329652786 106
1641939161521 0.011293469928205013 107
1641939162148 0.011225600726902485 108
1641939162743 0.010966991074383259 109
1641939163370 0.011266623623669147 110
1641939163997 0.010799560695886612 111
1641939164616 0.010586829856038094 112
1641939165250 0.010728321969509125 113
1641939165879 0.010779631324112415 114
1641939166512 0.011311567388474941 115
1641939167151 0.011016200296580791 116
1641939167775 0.010418170131742954 117
1641939168364 0.010757114738225937 118
1641939169001 0.010290044359862804 119
