1641396255826 1457.3291015625 0
1641396258672 217.85093688964844 2
1641396261155 41.838321685791016 4
1641396263593 21.335731506347656 6
1641396266372 4.647628307342529 8
1641396269043 1.5354489088058472 10
1641396271866 1.211444616317749 12
1641396274601 19.47392463684082 14
1641396277301 0.4015699625015259 16
1641396279932 0.23390597105026245 18
1641396282579 0.6303592920303345 20
1641396285282 0.27755746245384216 22
1641396287934 0.20194031298160553 24
1641396290561 0.43094584345817566 26
1641396293209 46.66583251953125 28
1641396295843 0.33775660395622253 30
1641396298486 12.797107696533203 32
1641396301129 0.19713498651981354 34
1641396303774 0.5547409057617188 36
1641396306409 0.3484176695346832 38
