1641941514874 0.1656019687652588 0
1641941515500 0.09719162434339523 1
1641941515999 0.08215788751840591 2
1641941516527 0.07239683717489243 3
1641941517091 0.06847778707742691 4
1641941517577 0.06741953641176224 5
1641941518162 0.06217704713344574 6
1641941518671 0.060781676322221756 7
1641941519196 0.05786006152629852 8
1641941519711 0.05850871652364731 9
1641941520187 0.056350093334913254 10
1641941520735 0.05576406046748161 11
1641941521206 0.054188311100006104 12
1641941521742 0.05327967181801796 13
1641941522278 0.05432860180735588 14
1641941522760 0.053142350167036057 15
1641941523290 0.0515337735414505 16
1641941523781 0.053826216608285904 17
1641941524278 0.0507587268948555 18
1641941524800 0.05125591531395912 19
1641941525372 0.05101187154650688 20
1641941525848 0.05202949047088623 21
1641941526359 0.04959529638290405 22
1641941526854 0.0520252101123333 23
1641941527396 0.049705758690834045 24
1641941527861 0.049524348229169846 25
1641941528380 0.05012950301170349 26
1641941528861 0.05063965171575546 27
1641941529400 0.04917429760098457 28
1641941529945 0.049058958888053894 29
1641941530422 0.05072616785764694 30
1641941530868 0.04856356605887413 31
1641941531328 0.04906152933835983 32
1641941531879 0.04838762432336807 33
1641941532346 0.05010972544550896 34
1641941532888 0.04835761338472366 35
1641941533413 0.04814077913761139 36
1641941533908 0.04689062759280205 37
1641941534440 0.047642432153224945 38
1641941534924 0.04747764393687248 39
1641941535433 0.04691269248723984 40
1641941535964 0.04791414365172386 41
1641941536456 0.04756181687116623 42
1641941536967 0.047569409012794495 43
1641941537459 0.04659707844257355 44
1641941537953 0.04804139584302902 45
1641941538485 0.04611039534211159 46
1641941539018 0.047042373567819595 47
1641941539522 0.04542907699942589 48
1641941540021 0.04518689960241318 49
1641941540556 0.04486957937479019 50
1641941541083 0.04549464210867882 51
1641941541613 0.045415569096803665 52
1641941542091 0.04551718011498451 53
1641941542667 0.04472945258021355 54
1641941543344 0.04426105320453644 55
1641941544046 0.045107483863830566 56
1641941544601 0.044044457376003265 57
1641941545181 0.04418129101395607 58
1641941545713 0.044343896210193634 59
1641941546296 0.04382249712944031 60
1641941546883 0.043666742742061615 61
1641941547449 0.043403469026088715 62
1641941547981 0.04361642152070999 63
1641941548532 0.0436062328517437 64
1641941549038 0.04301150515675545 65
1641941549578 0.04138784110546112 66
1641941550065 0.04305393621325493 67
1641941550531 0.04285059869289398 68
1641941551066 0.04206646978855133 69
1641941551546 0.04283493012189865 70
1641941552014 0.04292120039463043 71
1641941552565 0.041174422949552536 72
1641941553064 0.04176713153719902 73
1641941553557 0.042604099959135056 74
1641941554135 0.04111748933792114 75
1641941554607 0.04127398505806923 76
1641941555137 0.04149404913187027 77
1641941555673 0.041037168353796005 78
1641941556161 0.04074721410870552 79
1641941556650 0.040962330996990204 80
1641941557142 0.0403585247695446 81
1641941557679 0.040638454258441925 82
1641941558157 0.04089774191379547 83
1641941558696 0.040498871356248856 84
1641941559168 0.04060516133904457 85
1641941559639 0.03970199450850487 86
1641941560156 0.03930922970175743 87
1641941560659 0.03894025832414627 88
1641941561197 0.04021168500185013 89
1641941561666 0.03959416598081589 90
1641941562195 0.03859475255012512 91
1641941562662 0.03827206417918205 92
1641941563188 0.03907257691025734 93
1641941563711 0.039275024086236954 94
1641941564243 0.03819582238793373 95
1641941564758 0.03833882883191109 96
1641941565235 0.03967936336994171 97
1641941565762 0.03837769106030464 98
1641941566259 0.03781533241271973 99
1641941566756 0.03778381273150444 100
1641941567218 0.03839237615466118 101
1641941567747 0.037652503699064255 102
1641941568214 0.037303756922483444 103
1641941568732 0.03719344362616539 104
1641941569207 0.036122892051935196 105
1641941569727 0.03739394247531891 106
1641941570208 0.03704124689102173 107
1641941570730 0.03662484139204025 108
1641941571257 0.03634002059698105 109
1641941571833 0.03729128837585449 110
1641941572316 0.036011505872011185 111
1641941572850 0.036375951021909714 112
1641941573319 0.03579771891236305 113
1641941573865 0.03659339249134064 114
1641941574371 0.035574354231357574 115
1641941574870 0.03641407564282417 116
1641941575415 0.03601505979895592 117
1641941575885 0.03559830039739609 118
1641941576468 0.034953467547893524 119
