1641957878303 0.08276481926441193 0
1641957879331 0.07273062318563461 1
1641957880238 0.07173120975494385 2
1641957881123 0.07091106474399567 3
1641957882061 0.0708741769194603 4
1641957882960 0.06987975537776947 5
1641957883873 0.07047417014837265 6
1641957884789 0.0698053389787674 7
1641957885687 0.06953948736190796 8
1641957886592 0.0692981630563736 9
1641957887523 0.06922739744186401 10
1641957888420 0.06924949586391449 11
1641957889321 0.06973206996917725 12
1641957890263 0.06991274654865265 13
1641957891175 0.06943701952695847 14
1641957892109 0.06917112320661545 15
1641957893007 0.06865925341844559 16
1641957893938 0.06931754946708679 17
1641957894843 0.06915983557701111 18
1641957895731 0.06923852860927582 19
1641957896659 0.06948251277208328 20
1641957897558 0.06877051293849945 21
1641957898461 0.0689413920044899 22
1641957899396 0.06872601062059402 23
1641957900297 0.06868410110473633 24
1641957901188 0.06908795237541199 25
1641957902130 0.06861329078674316 26
1641957903057 0.06855790317058563 27
1641957903978 0.06919727474451065 28
1641957904886 0.06901086866855621 29
1641957905782 0.06859966367483139 30
1641957906737 0.0690300464630127 31
1641957907645 0.06842454522848129 32
1641957908567 0.06953133642673492 33
1641957909475 0.06927154213190079 34
1641957910405 0.06863032281398773 35
1641957911317 0.0688072144985199 36
1641957912215 0.06882140040397644 37
1641957913216 0.06895162165164948 38
1641957914148 0.06911750137805939 39
