1641957672763 0.08114342391490936 0
1641957674506 0.07237563282251358 1
1641957676063 0.07062795013189316 2
1641957677526 0.07165693491697311 3
1641957678949 0.07112713158130646 4
1641957680420 0.0701473131775856 5
1641957681879 0.0694318637251854 6
1641957683349 0.06924914568662643 7
1641957684861 0.06960804760456085 8
1641957686280 0.0697653591632843 9
1641957687758 0.06890398263931274 10
1641957689238 0.06957333534955978 11
1641957690703 0.06938277184963226 12
1641957692176 0.0698198676109314 13
1641957693636 0.06991259008646011 14
1641957695124 0.06944673508405685 15
1641957696591 0.06912784278392792 16
1641957698046 0.06938852369785309 17
1641957699472 0.0691981315612793 18
1641957700932 0.06930964440107346 19
1641957702420 0.06912732124328613 20
1641957703895 0.06962831318378448 21
1641957705354 0.06907352805137634 22
1641957706825 0.06912471354007721 23
1641957708395 0.06875749677419662 24
1641957709949 0.06899687647819519 25
1641957711425 0.06870153546333313 26
1641957712898 0.06884071975946426 27
1641957714346 0.0690198466181755 28
1641957715832 0.06894833594560623 29
1641957717293 0.06903742998838425 30
1641957718779 0.06876012682914734 31
1641957720240 0.06869356334209442 32
1641957721703 0.06882181018590927 33
1641957723162 0.06880156695842743 34
1641957724620 0.06876084208488464 35
1641957726078 0.06849846988916397 36
1641957727536 0.06883823871612549 37
1641957728993 0.06907548755407333 38
1641957730457 0.06892026960849762 39
1641957731940 0.06872950494289398 40
1641957733404 0.06858385354280472 41
1641957734867 0.0688183382153511 42
1641957736326 0.0691896453499794 43
1641957737788 0.06845919787883759 44
1641957739251 0.06857749819755554 45
1641957740726 0.0687602162361145 46
1641957742193 0.0689745545387268 47
1641957743658 0.06835383921861649 48
1641957745120 0.06879619508981705 49
1641957746577 0.06833355128765106 50
1641957748054 0.06867862492799759 51
1641957749516 0.06903985142707825 52
1641957750995 0.06858064234256744 53
1641957752470 0.06891825795173645 54
1641957753925 0.06880749017000198 55
1641957755396 0.06933742761611938 56
1641957756874 0.06884435564279556 57
1641957758342 0.0685572475194931 58
1641957759810 0.06845097988843918 59
1641957761268 0.06827817857265472 60
1641957762737 0.06850259006023407 61
1641957764193 0.06847302615642548 62
1641957765622 0.06857459247112274 63
1641957767161 0.06835120916366577 64
1641957768642 0.06853258609771729 65
1641957770112 0.0685226246714592 66
1641957771581 0.0687737688422203 67
1641957773014 0.06872208416461945 68
1641957774492 0.06890182942152023 69
1641957775964 0.06848129630088806 70
1641957777437 0.068572998046875 71
1641957778928 0.06844895333051682 72
1641957780359 0.06845515221357346 73
1641957781856 0.06840402632951736 74
1641957783321 0.06850651651620865 75
1641957784789 0.06851161271333694 76
1641957786255 0.06850317120552063 77
1641957787737 0.0686785876750946 78
1641957789204 0.06844670325517654 79
