1642025635965 0.11796672642230988 0
1642025639526 0.07807628810405731 1
1642025642854 0.0737486183643341 2
1642025646382 0.06896872818470001 3
1642025649969 0.06555821001529694 4
1642025653496 0.06384463608264923 5
1642025656991 0.062006931751966476 6
1642025660574 0.06119935214519501 7
1642025664027 0.06098606809973717 8
1642025667598 0.05977747589349747 9
1642025671058 0.058530621230602264 10
1642025674490 0.058807700872421265 11
1642025678064 0.05777733027935028 12
1642025681545 0.05739445611834526 13
1642025685081 0.05775982886552811 14
1642025688476 0.0563952662050724 15
1642025692058 0.05637994781136513 16
1642025695517 0.05555948615074158 17
1642025698985 0.05537277087569237 18
1642025702568 0.055495426058769226 19
1642025706089 0.054773323237895966 20
1642025709549 0.05458960309624672 21
1642025713024 0.05373832955956459 22
1642025716554 0.054041869938373566 23
1642025720027 0.055037807673215866 24
1642025723466 0.054157186299562454 25
1642025727000 0.05310993269085884 26
1642025730429 0.054262932389974594 27
1642025733868 0.052630677819252014 28
1642025737508 0.05270795151591301 29
1642025740932 0.05255964770913124 30
1642025744295 0.052522819489240646 31
1642025747592 0.05199984088540077 32
1642025751068 0.05191905051469803 33
1642025754639 0.05199429392814636 34
1642025758141 0.05145558714866638 35
1642025761599 0.050511881709098816 36
1642025765075 0.0513824000954628 37
1642025768576 0.052096977829933167 38
1642025772018 0.05166977643966675 39
1642025775561 0.05014742538332939 40
1642025779062 0.05011893808841705 41
1642025782565 0.05012065917253494 42
1642025786115 0.05016825720667839 43
1642025789641 0.04984268546104431 44
1642025793035 0.050755858421325684 45
1642025796452 0.05011344328522682 46
1642025799843 0.050971366465091705 47
1642025803237 0.04966448247432709 48
1642025806627 0.04855688288807869 49
1642025809986 0.04889984428882599 50
1642025813457 0.048457853496074677 51
1642025817061 0.048343248665332794 52
1642025820563 0.04857537895441055 53
1642025823903 0.04939408227801323 54
1642025827307 0.04844403266906738 55
1642025830627 0.05257365480065346 56
1642025834001 0.047938648611307144 57
1642025837420 0.04766831919550896 58
1642025840885 0.0486009381711483 59
1642025844281 0.04715564474463463 60
1642025847696 0.04675864055752754 61
1642025851100 0.0468156635761261 62
1642025854532 0.047393351793289185 63
1642025858010 0.05076424404978752 64
1642025861544 0.04789361357688904 65
1642025864929 0.04585762694478035 66
1642025868347 0.04622116684913635 67
1642025871829 0.046043477952480316 68
1642025875373 0.04665657877922058 69
1642025878852 0.04630575701594353 70
1642025882375 0.04968778416514397 71
1642025885824 0.050288718193769455 72
1642025889256 0.04591476917266846 73
1642025892678 0.045613691210746765 74
1642025896167 0.04533584788441658 75
1642025899668 0.04527005925774574 76
1642025903074 0.04603714868426323 77
1642025906650 0.045840561389923096 78
1642025910071 0.04454274848103523 79
