1642024750325 0.07744313031435013 0
1642024751470 0.058507587760686874 1
1642024752576 0.05446986109018326 2
1642024753649 0.05347255617380142 3
1642024754569 0.05184660479426384 4
1642024755509 0.05013519525527954 5
1642024756436 0.04990763962268829 6
1642024757367 0.04866622015833855 7
1642024758262 0.04733457788825035 8
1642024759155 0.04648254066705704 9
1642024760068 0.04558302089571953 10
1642024761022 0.044848378747701645 11
1642024761961 0.04411047697067261 12
1642024762905 0.041988782584667206 13
1642024763824 0.04256641864776611 14
1642024764740 0.041158586740493774 15
1642024765688 0.04046892002224922 16
1642024766609 0.03859587386250496 17
1642024767527 0.03803539648652077 18
1642024768477 0.036905687302351 19
1642024769406 0.035853270441293716 20
1642024770350 0.033837009221315384 21
1642024771266 0.033775895833969116 22
1642024772192 0.03202592581510544 23
1642024773117 0.03063139133155346 24
1642024773991 0.030085215345025063 25
1642024774891 0.0284890104085207 26
1642024775851 0.027314862236380577 27
1642024776769 0.026900222525000572 28
1642024777673 0.025818124413490295 29
1642024778626 0.024753617122769356 30
1642024779538 0.02399516850709915 31
1642024780465 0.02372811920940876 32
1642024781372 0.02204512432217598 33
1642024782352 0.021588267758488655 34
1642024783282 0.021520311012864113 35
1642024784199 0.020879141986370087 36
1642024785157 0.019717097282409668 37
1642024786089 0.019382687285542488 38
1642024786987 0.01875992864370346 39
1642024787936 0.01831095665693283 40
1642024788866 0.017541183158755302 41
1642024789780 0.017183085903525352 42
1642024790715 0.01748371496796608 43
1642024791650 0.01681596413254738 44
1642024792572 0.015947477892041206 45
1642024793536 0.015976550057530403 46
1642024794561 0.015604740008711815 47
1642024795587 0.015533401630818844 48
1642024796535 0.01487620547413826 49
1642024797462 0.014742101542651653 50
1642024798394 0.014466408640146255 51
1642024799312 0.014221862889826298 52
1642024800209 0.01399619597941637 53
1642024801133 0.013904744759202003 54
1642024802069 0.01387543324381113 55
1642024802986 0.013262717053294182 56
1642024803895 0.01340129878371954 57
1642024804812 0.013439380563795567 58
1642024805770 0.0125317657366395 59
1642024806698 0.012498958967626095 60
1642024807611 0.011863406747579575 61
1642024808549 0.011981310322880745 62
1642024809462 0.012396596372127533 63
1642024810395 0.01164043229073286 64
1642024811340 0.011897480115294456 65
1642024812266 0.011843949556350708 66
1642024813178 0.011507274582982063 67
1642024814120 0.01094998698681593 68
1642024815057 0.012186703272163868 69
1642024815987 0.010958252474665642 70
1642024816938 0.010801766067743301 71
1642024817887 0.011742179282009602 72
1642024818806 0.01135174185037613 73
1642024819761 0.012126368470489979 74
1642024820691 0.01078212633728981 75
1642024821606 0.010349790565669537 76
1642024822573 0.009973433800041676 77
1642024823506 0.00957974698394537 78
1642024824425 0.010439609177410603 79
