1642026585109 0.08178979158401489 0
1642026586020 0.06004011631011963 1
1642026586962 0.05608998239040375 2
1642026587882 0.05402825027704239 3
1642026588855 0.05180314928293228 4
1642026589763 0.051873572170734406 5
1642026590681 0.0497855581343174 6
1642026591635 0.048001132905483246 7
1642026592662 0.04703802242875099 8
1642026593560 0.046307679265737534 9
1642026594473 0.045119237154722214 10
1642026595436 0.0444146990776062 11
1642026596343 0.04321791231632233 12
1642026597296 0.04152728617191315 13
1642026598231 0.04078126698732376 14
1642026599323 0.03977593407034874 15
1642026600507 0.03888499736785889 16
1642026601679 0.0372658371925354 17
1642026602805 0.03637358173727989 18
1642026604012 0.0354774184525013 19
1642026605129 0.03416501730680466 20
1642026606104 0.03290046006441116 21
1642026607081 0.03111259452998638 22
1642026607997 0.029708614572882652 23
1642026608964 0.029056934639811516 24
1642026609840 0.027849525213241577 25
1642026610737 0.02749018743634224 26
1642026611655 0.02661176025867462 27
1642026612578 0.02482624165713787 28
1642026613481 0.024286843836307526 29
1642026614398 0.024281395599246025 30
1642026615299 0.02296607382595539 31
1642026616226 0.02217376045882702 32
1642026617140 0.021297898143529892 33
1642026618101 0.02032085508108139 34
1642026619040 0.019958363845944405 35
1642026619998 0.01992676965892315 36
1642026620934 0.01917278952896595 37
1642026621823 0.017958061769604683 38
1642026622792 0.01759704388678074 39
1642026623750 0.01825115829706192 40
1642026624668 0.017445292323827744 41
1642026625592 0.01668289117515087 42
1642026626504 0.01610715501010418 43
1642026627413 0.01572009176015854 44
1642026628294 0.015032942406833172 45
1642026629244 0.014719636179506779 46
1642026630189 0.015476441010832787 47
1642026631111 0.015908069908618927 48
1642026632035 0.015090261586010456 49
1642026632885 0.014031275175511837 50
1642026633792 0.014041821472346783 51
1642026634757 0.013441542163491249 52
1642026635654 0.013453944586217403 53
1642026636591 0.013595438562333584 54
1642026637465 0.013439278118312359 55
1642026638386 0.013379246927797794 56
1642026639230 0.012739167548716068 57
1642026640150 0.012093533761799335 58
1642026641045 0.012993482872843742 59
1642026642018 0.012034274637699127 60
1642026642927 0.011506319046020508 61
1642026643881 0.011846874840557575 62
1642026644794 0.01221488043665886 63
1642026645730 0.012074681930243969 64
1642026646644 0.010981661267578602 65
1642026647572 0.011175505816936493 66
1642026648419 0.011544444598257542 67
1642026649389 0.010836085304617882 68
1642026650266 0.010653111152350903 69
1642026651221 0.01104017999023199 70
1642026652083 0.010835555382072926 71
1642026653062 0.01035675685852766 72
1642026653999 0.01089490856975317 73
1642026654966 0.010997608304023743 74
1642026655965 0.010458018630743027 75
1642026656831 0.009970624931156635 76
1642026657756 0.009475420229136944 77
1642026658755 0.009711994789540768 78
1642026659676 0.010361580178141594 79
