1642022668983 0.6478057503700256 0
1642022670656 0.5631062388420105 1
1642022672083 0.5396203398704529 2
1642022673480 0.5251170992851257 3
1642022674825 0.5215203762054443 4
1642022676250 0.5105903744697571 5
1642022677618 0.5013848543167114 6
1642022679039 0.4957677721977234 7
1642022680443 0.48403260111808777 8
1642022681817 0.47707709670066833 9
1642022683217 0.4675004482269287 10
1642022684634 0.4611212909221649 11
1642022686047 0.4494294226169586 12
1642022687456 0.4405698776245117 13
1642022688868 0.42611101269721985 14
1642022690288 0.41540277004241943 15
1642022691698 0.40374842286109924 16
1642022693081 0.3937605619430542 17
1642022694501 0.3808952867984772 18
1642022695860 0.3677990138530731 19
1642022697278 0.3578319549560547 20
1642022698695 0.3455233871936798 21
1642022700123 0.3314257562160492 22
1642022701546 0.3245885372161865 23
1642022702954 0.31227320432662964 24
1642022704359 0.3025689125061035 25
1642022705767 0.2881053388118744 26
1642022707173 0.2794055938720703 27
1642022708584 0.26918843388557434 28
1642022709992 0.26466163992881775 29
1642022711391 0.2525487542152405 30
1642022712821 0.24331314861774445 31
1642022714279 0.23090492188930511 32
1642022715808 0.23187009990215302 33
1642022717243 0.21821089088916779 34
1642022718596 0.20774225890636444 35
1642022720048 0.2047235369682312 36
1642022721465 0.2014225274324417 37
1642022722868 0.18848423659801483 38
1642022724237 0.1840042620897293 39
1642022725642 0.19077785313129425 40
1642022726999 0.1764463186264038 41
1642022728418 0.1751537322998047 42
1642022729822 0.16962724924087524 43
1642022731263 0.1661234200000763 44
1642022732669 0.1617632508277893 45
1642022734051 0.16720831394195557 46
1642022735451 0.16267290711402893 47
1642022736871 0.1570291966199875 48
1642022738274 0.1455978900194168 49
1642022739644 0.13773491978645325 50
1642022741053 0.13644850254058838 51
1642022742427 0.14284278452396393 52
1642022743834 0.14819318056106567 53
1642022745239 0.13915063440799713 54
1642022746641 0.13484962284564972 55
1642022748050 0.13044917583465576 56
1642022749484 0.12844620645046234 57
1642022750889 0.1333666443824768 58
1642022752311 0.12391488254070282 59
1642022753773 0.11786609888076782 60
1642022755136 0.11604256927967072 61
1642022756546 0.11597633361816406 62
1642022757956 0.12401531636714935 63
1642022759366 0.12236666679382324 64
1642022760723 0.12118091434240341 65
1642022762131 0.11283258348703384 66
1642022763479 0.1180582121014595 67
1642022764911 0.10568641871213913 68
1642022766304 0.11140307039022446 69
1642022767672 0.1150922104716301 70
1642022769072 0.10818232595920563 71
1642022770459 0.10038284212350845 72
1642022771872 0.11304978281259537 73
1642022773296 0.10873056948184967 74
1642022774710 0.10381776094436646 75
1642022776064 0.10767100751399994 76
1642022777474 0.10748672485351562 77
1642022778839 0.10274195671081543 78
1642022780261 0.0947771966457367 79
