1641957987802 0.08444798737764359 0
1641957988910 0.07261274009943008 1
1641957989992 0.07153836637735367 2
1641957990985 0.07066205143928528 3
1641957991908 0.07048510015010834 4
1641957992869 0.06993284821510315 5
1641957993778 0.06951791048049927 6
1641957994723 0.06938040256500244 7
1641957995686 0.06973356008529663 8
1641957996607 0.06950265914201736 9
1641957997548 0.06957314163446426 10
1641957998486 0.06930487602949142 11
1641957999525 0.06953798234462738 12
1641958000507 0.06933072209358215 13
1641958001561 0.06918554753065109 14
1641958002449 0.06944487243890762 15
1641958003414 0.06919178366661072 16
1641958004366 0.06886514276266098 17
1641958005284 0.06933152675628662 18
1641958006208 0.06897992640733719 19
1641958007101 0.0688326358795166 20
1641958007988 0.06925669312477112 21
1641958008929 0.06915412843227386 22
1641958009821 0.06913454085588455 23
1641958010755 0.06889539957046509 24
1641958011666 0.06884603947401047 25
1641958012590 0.0687049850821495 26
1641958013490 0.06885255873203278 27
1641958014377 0.06920885294675827 28
1641958015268 0.06900651007890701 29
1641958016188 0.06876159459352493 30
1641958017085 0.06924984604120255 31
1641958018005 0.06914608180522919 32
1641958019000 0.06937682628631592 33
1641958019916 0.06891678273677826 34
1641958020819 0.06888080388307571 35
1641958021722 0.069099560379982 36
1641958022629 0.06900254637002945 37
1641958023576 0.0686725452542305 38
1641958024558 0.06858482211828232 39
1641958025518 0.06875988841056824 40
1641958026455 0.06887756288051605 41
1641958027344 0.068815678358078 42
1641958028228 0.06900730729103088 43
1641958029159 0.06918050348758698 44
1641958030071 0.06890685111284256 45
1641958030978 0.06872814893722534 46
1641958031863 0.06917844712734222 47
1641958032760 0.06897906959056854 48
1641958033687 0.06898365169763565 49
1641958034572 0.0686526820063591 50
1641958035498 0.06882186979055405 51
1641958036395 0.06874727457761765 52
1641958037321 0.06899251788854599 53
1641958038217 0.06874582916498184 54
1641958039120 0.06899361312389374 55
1641958040030 0.06876596063375473 56
1641958040929 0.06862778216600418 57
1641958041823 0.06872212141752243 58
1641958042760 0.06844257563352585 59
1641958043654 0.06851933151483536 60
1641958044546 0.06896185874938965 61
1641958045474 0.06890110671520233 62
1641958046360 0.06841833144426346 63
1641958047285 0.0686015859246254 64
1641958048171 0.06842590123414993 65
1641958049084 0.06841999292373657 66
1641958049979 0.06871446967124939 67
1641958050859 0.06839584559202194 68
1641958051784 0.06851804256439209 69
1641958052719 0.06870992481708527 70
1641958053607 0.06877683848142624 71
1641958054514 0.06853505969047546 72
1641958055441 0.06857913732528687 73
1641958056386 0.0685400739312172 74
1641958057277 0.06908266991376877 75
1641958058161 0.06853009015321732 76
1641958059089 0.06855570524930954 77
1641958060010 0.06843797862529755 78
1641958060905 0.06839357316493988 79
