1641956203381 0.08718447387218475 0
1641956204876 0.06762372702360153 1
1641956206370 0.06196737661957741 2
1641956207625 0.06003507599234581 3
1641956208866 0.057338908314704895 4
1641956210229 0.05703923478722572 5
1641956211518 0.05610732361674309 6
1641956212802 0.05555122718214989 7
1641956214189 0.05449388548731804 8
1641956215578 0.05436673015356064 9
1641956216872 0.05387096107006073 10
1641956218157 0.05275820940732956 11
1641956219446 0.05263592302799225 12
1641956220684 0.05230824276804924 13
1641956221971 0.05222593992948532 14
1641956223219 0.05159180983901024 15
1641956224509 0.05163353309035301 16
1641956225753 0.050826042890548706 17
1641956227035 0.05091039836406708 18
1641956228329 0.05013449490070343 19
1641956229583 0.049989309161901474 20
1641956230870 0.04944904148578644 21
1641956232119 0.0490097776055336 22
1641956233413 0.04872029274702072 23
1641956234712 0.047751013189554214 24
1641956235968 0.04796881973743439 25
1641956237312 0.04743674769997597 26
1641956238719 0.04710817709565163 27
1641956240008 0.0467241108417511 28
1641956241291 0.046567805111408234 29
1641956242579 0.04608650505542755 30
1641956243830 0.044995758682489395 31
1641956245116 0.04501047357916832 32
1641956246392 0.04486887529492378 33
1641956247668 0.044318605214357376 34
1641956248947 0.04442666471004486 35
1641956250237 0.04339486360549927 36
1641956251475 0.042655471712350845 37
1641956252761 0.04273764789104462 38
1641956254003 0.04241957142949104 39
1641956255296 0.04206440970301628 40
1641956256590 0.04201842471957207 41
1641956257824 0.04108833894133568 42
1641956259112 0.04069298505783081 43
1641956260403 0.04084545746445656 44
1641956261648 0.040131308138370514 45
1641956262937 0.03996263071894646 46
1641956264228 0.04004912078380585 47
1641956265471 0.03916629031300545 48
1641956266765 0.03854323923587799 49
1641956268047 0.03878587856888771 50
1641956269289 0.03819730132818222 51
1641956270578 0.03809710219502449 52
1641956271824 0.037526678293943405 53
1641956273114 0.03735525161027908 54
1641956274399 0.03712951019406319 55
1641956275650 0.03637555241584778 56
1641956276947 0.03651876375079155 57
1641956278196 0.03609665483236313 58
1641956279502 0.036266934126615524 59
1641956280790 0.03627313673496246 60
1641956282034 0.03560786321759224 61
1641956283320 0.03519487380981445 62
1641956284621 0.035076726227998734 63
1641956285867 0.034597352147102356 64
1641956287169 0.03493945300579071 65
1641956288464 0.033813197165727615 66
1641956289713 0.03439152240753174 67
1641956291003 0.03389469534158707 68
1641956292295 0.03323773667216301 69
1641956293539 0.03312162682414055 70
1641956294831 0.033167317509651184 71
1641956296127 0.03301999345421791 72
1641956297372 0.03235115855932236 73
1641956298667 0.0324627086520195 74
1641956299963 0.03214302286505699 75
1641956301203 0.032917141914367676 76
1641956302491 0.03212409466505051 77
1641956303788 0.0320780873298645 78
1641956305036 0.03228914737701416 79
