1641393486826 1547.2078857421875 0
1641393487704 705.0811157226562 1
1641393488467 569.3048706054688 2
1641393489223 342.67877197265625 3
1641393489998 132.2081298828125 4
1641393490745 130.68983459472656 5
1641393491506 84.33881378173828 6
1641393492329 90.33834075927734 7
1641393493114 51.217796325683594 8
1641393493864 34.54934310913086 9
1641393494620 36.1092414855957 10
1641393495416 27.40974998474121 11
1641393496148 29.580217361450195 12
1641393496867 39.074928283691406 13
1641393497632 32.3915901184082 14
1641393498367 20.763973236083984 15
1641393499080 9.909859657287598 16
1641393499777 9.912614822387695 17
1641393500484 9.51431941986084 18
1641393501181 14.204666137695312 19
