1641936549710 0.21388199925422668 0
1641936551487 0.10084256529808044 1
1641936552988 0.07399134337902069 2
1641936554544 0.06556664407253265 3
1641936556049 0.062248893082141876 4
1641936557559 0.05931381508708 5
1641936559110 0.05817876756191254 6
1641936560692 0.05818057805299759 7
1641936562251 0.05811944976449013 8
1641936563754 0.05720417946577072 9
1641936565301 0.057073790580034256 10
1641936566809 0.05713315308094025 11
1641936568311 0.05626441538333893 12
1641936569870 0.05615074932575226 13
1641936571362 0.05586562678217888 14
1641936572915 0.05498896911740303 15
1641936574401 0.05495555326342583 16
1641936575890 0.054818399250507355 17
1641936577433 0.05416537821292877 18
1641936578925 0.05378354713320732 19
1641936580463 0.05398376286029816 20
1641936581960 0.05300533026456833 21
1641936583449 0.052107974886894226 22
1641936585129 0.0521085262298584 23
1641936586689 0.052130941301584244 24
1641936588247 0.05193343758583069 25
1641936589753 0.05158312991261482 26
1641936591297 0.05170886963605881 27
1641936592791 0.05096150189638138 28
1641936594356 0.050242919474840164 29
1641936595900 0.05022549256682396 30
1641936597404 0.05035148933529854 31
1641936598935 0.051133137196302414 32
1641936600433 0.04994713142514229 33
1641936602006 0.049978628754615784 34
1641936603516 0.05003180354833603 35
1641936605078 0.050393737852573395 36
1641936606577 0.04904315993189812 37
1641936608082 0.048466164618730545 38
1641936609634 0.04888786002993584 39
1641936611134 0.048457857221364975 40
1641936612676 0.04818809777498245 41
1641936614173 0.04848802462220192 42
1641936615666 0.048642244189977646 43
1641936617228 0.047804199159145355 44
1641936618728 0.047205038368701935 45
1641936620295 0.048004649579524994 46
1641936621809 0.04753389209508896 47
1641936623319 0.048392027616500854 48
1641936624868 0.04824487492442131 49
1641936626361 0.04661215469241142 50
1641936627972 0.049175746738910675 51
1641936629470 0.04578983411192894 52
1641936631016 0.04570590332150459 53
1641936632502 0.045330144464969635 54
1641936634052 0.04605986922979355 55
1641936635563 0.045847490429878235 56
1641936637082 0.04482467100024223 57
1641936638628 0.046297524124383926 58
1641936640124 0.045250631868839264 59
1641936641674 0.04510164633393288 60
1641936643169 0.04481257498264313 61
1641936644721 0.044881489127874374 62
1641936646231 0.04532456025481224 63
1641936647728 0.046033456921577454 64
1641936649279 0.04468812793493271 65
1641936650787 0.04425898566842079 66
1641936652341 0.04569670557975769 67
1641936653872 0.04435456916689873 68
1641936655435 0.043350450694561005 69
1641936656937 0.043215490877628326 70
1641936658505 0.044900067150592804 71
1641936660008 0.04421618953347206 72
1641936661566 0.04180103540420532 73
1641936663076 0.04335084930062294 74
1641936664625 0.04220680147409439 75
1641936666141 0.042791616171598434 76
1641936667681 0.04214632883667946 77
1641936669178 0.043652310967445374 78
1641936670691 0.04298513010144234 79
1641936672238 0.042909715324640274 80
1641936673750 0.04466446489095688 81
1641936675287 0.042199574410915375 82
1641936676785 0.042265284806489944 83
1641936678336 0.04259049519896507 84
1641936679840 0.04383138567209244 85
1641936681399 0.04154954105615616 86
1641936682902 0.0411209911108017 87
1641936684446 0.04177698493003845 88
1641936685932 0.04221756011247635 89
1641936687464 0.042663946747779846 90
1641936688983 0.04267100244760513 91
1641936690533 0.04129230976104736 92
1641936692038 0.04218250513076782 93
1641936693594 0.0422639474272728 94
1641936695100 0.04112586751580238 95
1641936696653 0.04116208851337433 96
1641936698144 0.04271211847662926 97
1641936699746 0.041961316019296646 98
1641936701242 0.040294479578733444 99
1641936702790 0.03939706087112427 100
1641936704297 0.040487006306648254 101
1641936705858 0.041678499430418015 102
1641936707356 0.04270746558904648 103
1641936708871 0.04427213966846466 104
1641936710435 0.0410597026348114 105
1641936711926 0.04206466302275658 106
1641936713461 0.04108574613928795 107
1641936714971 0.04093021899461746 108
1641936716518 0.039688318967819214 109
1641936718024 0.041087981313467026 110
1641936719578 0.04073070362210274 111
1641936721085 0.041055478155612946 112
1641936722651 0.038682255893945694 113
1641936724155 0.03886309638619423 114
1641936725719 0.04057345911860466 115
1641936727224 0.03883540257811546 116
1641936728757 0.03852977231144905 117
1641936730304 0.03888396546244621 118
1641936731802 0.03945428505539894 119
