1642009211839 0.7131069898605347 0
1642009212861 0.6164532899856567 1
1642009213790 0.5863208770751953 2
1642009214647 0.567263662815094 3
1642009215483 0.5536321997642517 4
1642009216310 0.5476338267326355 5
1642009217184 0.539915919303894 6
1642009218017 0.5302192568778992 7
1642009218852 0.5246961712837219 8
1642009219664 0.5207100510597229 9
1642009220498 0.5135704874992371 10
1642009221330 0.5115823745727539 11
1642009222164 0.5155076384544373 12
1642009222999 0.5066746473312378 13
1642009223825 0.4981698989868164 14
1642009224658 0.496461421251297 15
1642009225505 0.4909585118293762 16
1642009226340 0.4888942539691925 17
1642009227172 0.49089673161506653 18
1642009228005 0.47870033979415894 19
1642009228837 0.47238901257514954 20
1642009229669 0.4693608283996582 21
1642009230497 0.470577597618103 22
1642009231336 0.4635423421859741 23
1642009232174 0.45890405774116516 24
1642009233006 0.45638811588287354 25
1642009233844 0.4528505802154541 26
1642009234677 0.4461582601070404 27
1642009235486 0.4403688609600067 28
1642009236319 0.43954193592071533 29
1642009237152 0.43171629309654236 30
1642009237982 0.42893290519714355 31
1642009238815 0.4277554750442505 32
1642009239647 0.42656105756759644 33
1642009240491 0.4181566834449768 34
1642009241337 0.41984179615974426 35
1642009242239 0.410881906747818 36
1642009243179 0.40767472982406616 37
1642009244014 0.4031427502632141 38
1642009244846 0.401923805475235 39
