1641957124688 0.07839171588420868 0
1641957127642 0.0736648365855217 1
1641957130589 0.07081116735935211 2
1641957133492 0.07048933207988739 3
1641957136408 0.06993604451417923 4
1641957139261 0.06995294243097305 5
1641957142125 0.07028555124998093 6
1641957145070 0.07005514204502106 7
1641957147921 0.06980209797620773 8
1641957150911 0.06945773214101791 9
1641957153844 0.06959879398345947 10
1641957156672 0.06942262500524521 11
1641957159597 0.06971978396177292 12
1641957162447 0.06913445144891739 13
1641957165296 0.06906306743621826 14
1641957168175 0.06914638727903366 15
1641957171039 0.06921378523111343 16
1641957173968 0.06901396811008453 17
1641957176817 0.06887068599462509 18
1641957179718 0.06931262463331223 19
1641957182562 0.06877684593200684 20
1641957185440 0.06940446048974991 21
1641957188266 0.06893565505743027 22
1641957191156 0.06891100108623505 23
1641957194015 0.06897943466901779 24
1641957196898 0.06906173378229141 25
1641957199730 0.06886137276887894 26
1641957202566 0.06922634690999985 27
1641957205408 0.06892284005880356 28
1641957208314 0.06897289305925369 29
1641957211267 0.06919313967227936 30
1641957214628 0.0688948854804039 31
1641957217811 0.06880946457386017 32
1641957221061 0.06888522952795029 33
1641957224333 0.06900764256715775 34
1641957227278 0.0686032697558403 35
1641957230122 0.0687333196401596 36
1641957232976 0.06888347864151001 37
1641957235822 0.06865790486335754 38
1641957238697 0.06875203549861908 39
1641957241611 0.06872047483921051 40
1641957244477 0.06873302161693573 41
1641957247340 0.06868632882833481 42
1641957250262 0.06855306774377823 43
1641957253135 0.06867774575948715 44
1641957255985 0.06866434961557388 45
1641957258899 0.06892519444227219 46
1641957261840 0.06888405233621597 47
1641957264721 0.06894847005605698 48
1641957267585 0.0688311979174614 49
1641957270519 0.0686047151684761 50
1641957273408 0.06859690696001053 51
1641957276302 0.06871084868907928 52
1641957279169 0.06903499364852905 53
1641957282033 0.06881682574748993 54
1641957284916 0.06843876838684082 55
1641957287849 0.06884513795375824 56
1641957290762 0.06861494481563568 57
1641957293665 0.06840190291404724 58
1641957296507 0.06856612116098404 59
1641957299435 0.06849998235702515 60
1641957302310 0.06860155612230301 61
1641957305154 0.06872948259115219 62
1641957308041 0.06851226091384888 63
1641957310874 0.0685977190732956 64
1641957313722 0.06866149604320526 65
1641957316612 0.0687037855386734 66
1641957319470 0.0684766098856926 67
1641957322389 0.06852541863918304 68
1641957325234 0.06871607154607773 69
1641957328079 0.06840851902961731 70
1641957330938 0.06858878582715988 71
1641957333834 0.06884465366601944 72
1641957336654 0.06841479986906052 73
1641957339500 0.06842993199825287 74
1641957342414 0.06865306198596954 75
1641957345260 0.06866098195314407 76
1641957348126 0.06886928528547287 77
1641957351035 0.0685502290725708 78
1641957353900 0.06864536553621292 79
