1641941381435 0.08594197779893875 0
1641941382125 0.06253354996442795 1
1641941382848 0.05719849094748497 2
1641941383556 0.053598206490278244 3
1641941384269 0.05208995193243027 4
1641941384965 0.050757743418216705 5
1641941385676 0.04945164546370506 6
1641941386352 0.04834916815161705 7
1641941387109 0.04692017287015915 8
1641941387836 0.04687490686774254 9
1641941388620 0.0459134541451931 10
1641941389327 0.04500022158026695 11
1641941389984 0.04460707679390907 12
1641941390695 0.04344765096902847 13
1641941391398 0.04275098070502281 14
1641941392099 0.04225808382034302 15
1641941392753 0.04072508588433266 16
1641941393474 0.040286287665367126 17
1641941394130 0.03971423953771591 18
1641941394824 0.03827926889061928 19
1641941395566 0.03778029978275299 20
1641941396236 0.0361148938536644 21
1641941396943 0.035740844905376434 22
1641941397619 0.034632500261068344 23
1641941398318 0.03411278501152992 24
1641941399002 0.03363024815917015 25
1641941399694 0.032717715948820114 26
1641941400405 0.03129483014345169 27
1641941401120 0.031152985990047455 28
1641941401824 0.030033184215426445 29
1641941402479 0.028723236173391342 30
1641941403199 0.028873754665255547 31
1641941404076 0.027679363265633583 32
1641941404919 0.02732202038168907 33
1641941405770 0.027016839012503624 34
1641941406489 0.02601885423064232 35
1641941407301 0.026156388223171234 36
1641941408114 0.02490745298564434 37
1641941408880 0.024136023595929146 38
1641941409670 0.02364649809896946 39
1641941410395 0.023461705073714256 40
1641941411103 0.023205170407891273 41
1641941411809 0.022333478555083275 42
1641941412471 0.022112412378191948 43
1641941413178 0.02161305770277977 44
1641941413858 0.021155716851353645 45
1641941414617 0.02096541039645672 46
1641941415281 0.02043800987303257 47
1641941415991 0.02100144512951374 48
1641941416693 0.02098817192018032 49
1641941417395 0.01895919255912304 50
1641941418067 0.019215496256947517 51
1641941418775 0.018921786919236183 52
1641941419430 0.018985917791724205 53
1641941420137 0.018643757328391075 54
1641941420815 0.01753779500722885 55
1641941421546 0.017290033400058746 56
1641941422249 0.01694711297750473 57
1641941422954 0.01655828021466732 58
1641941423652 0.016711492091417313 59
1641941424312 0.01647673174738884 60
1641941424975 0.016276352107524872 61
1641941425671 0.01571730524301529 62
1641941426360 0.016211017966270447 63
1641941427025 0.01598605513572693 64
1641941427691 0.015434267930686474 65
1641941428385 0.014938348904252052 66
1641941429035 0.014604523777961731 67
1641941429750 0.014346539974212646 68
1641941430402 0.015421969816088676 69
1641941431116 0.014771836809813976 70
1641941431768 0.014151794835925102 71
1641941432474 0.013630504719913006 72
1641941433111 0.01334882527589798 73
1641941433823 0.013941680081188679 74
1641941434530 0.013669959269464016 75
1641941435216 0.013492473401129246 76
1641941435905 0.0122403958812356 77
1641941436567 0.012886620126664639 78
1641941437212 0.012141820974647999 79
