1642025080460 0.07574257254600525 0
1642025084069 0.060358744114637375 1
1642025087482 0.057541172951459885 2
1642025090817 0.056560665369033813 3
1642025094154 0.05489995330572128 4
1642025097512 0.054377056658267975 5
1642025100806 0.053919680416584015 6
1642025104188 0.05295705795288086 7
1642025107539 0.05212138220667839 8
1642025110952 0.05128329619765282 9
1642025114276 0.04980432614684105 10
1642025117634 0.0487917959690094 11
1642025121010 0.048427045345306396 12
1642025124606 0.047558560967445374 13
1642025127991 0.046245161443948746 14
1642025131371 0.0457577258348465 15
1642025134592 0.04483850300312042 16
1642025137843 0.04410603269934654 17
1642025141144 0.04280164837837219 18
1642025144431 0.041593287140131 19
1642025147737 0.04032401368021965 20
1642025150997 0.03931361436843872 21
1642025154352 0.03832479938864708 22
1642025157697 0.03688053414225578 23
1642025161088 0.03638453781604767 24
1642025164411 0.03575275465846062 25
1642025167674 0.03466734662652016 26
1642025171073 0.0329710952937603 27
1642025174430 0.03273399546742439 28
1642025177769 0.03146763890981674 29
1642025181096 0.030776798725128174 30
1642025184490 0.029749471694231033 31
1642025187773 0.028650440275669098 32
1642025191044 0.028394591063261032 33
1642025194376 0.02750890702009201 34
1642025197620 0.026840053498744965 35
1642025200966 0.026349971070885658 36
1642025204341 0.026262935250997543 37
1642025207618 0.025438707321882248 38
1642025210885 0.024729788303375244 39
