1642024203012 0.07390021532773972 0
1642024204754 0.05788063630461693 1
1642024206243 0.05553964525461197 2
1642024207681 0.0538870133459568 3
1642024209147 0.052732400596141815 4
1642024210696 0.05231573060154915 5
1642024212058 0.05111072584986687 6
1642024213544 0.05042335391044617 7
1642024215012 0.050109054893255234 8
1642024216418 0.04891809821128845 9
1642024217857 0.04825260117650032 10
1642024219320 0.04737403616309166 11
1642024220770 0.04623737186193466 12
1642024222165 0.04581403359770775 13
1642024223585 0.045005105435848236 14
1642024225057 0.043689120560884476 15
1642024226524 0.04241591691970825 16
1642024227897 0.041773371398448944 17
1642024229386 0.041050177067518234 18
1642024230854 0.03921620175242424 19
1642024232270 0.0380827859044075 20
1642024233699 0.03745610639452934 21
1642024235154 0.036460261791944504 22
1642024236608 0.03470876067876816 23
1642024238003 0.03366926684975624 24
1642024239439 0.03345213457942009 25
1642024240912 0.0314691923558712 26
1642024242412 0.030774589627981186 27
1642024243762 0.0294679943472147 28
1642024245199 0.02928445301949978 29
1642024246761 0.02913474850356579 30
1642024248264 0.026804275810718536 31
1642024249694 0.02597404457628727 32
1642024251184 0.02505853958427906 33
1642024252600 0.024663658812642097 34
1642024253992 0.024215802550315857 35
1642024255411 0.02364315465092659 36
1642024256934 0.023075683042407036 37
1642024258407 0.022274399176239967 38
1642024259728 0.021450627595186234 39
