1642037511629 0.1347821205854416 0
1642037512846 0.08115096390247345 1
1642037513986 0.0745556652545929 2
1642037515074 0.06979059427976608 3
1642037516050 0.06688786298036575 4
1642037517052 0.0643225610256195 5
1642037518036 0.06226342171430588 6
1642037519022 0.06057174503803253 7
1642037520000 0.06010575592517853 8
1642037520978 0.058308254927396774 9
1642037521976 0.057734474539756775 10
1642037522962 0.05708029121160507 11
1642037523948 0.05710629001259804 12
1642037524923 0.0565725639462471 13
1642037525896 0.056636057794094086 14
1642037526869 0.05576138198375702 15
1642037527846 0.05562993139028549 16
1642037528823 0.05521786957979202 17
1642037529803 0.05466384440660477 18
1642037530776 0.05456586554646492 19
1642037531752 0.05433269590139389 20
1642037532727 0.05427471548318863 21
1642037533700 0.05353645235300064 22
1642037534676 0.05353408679366112 23
1642037535651 0.05296263098716736 24
1642037536627 0.05319427698850632 25
1642037537607 0.053079135715961456 26
1642037538581 0.05297917127609253 27
1642037539550 0.052480299025774 28
1642037540519 0.05174221470952034 29
1642037541495 0.05177582427859306 30
1642037542471 0.05098244920372963 31
1642037543443 0.050995007157325745 32
1642037544416 0.05110222473740578 33
1642037545386 0.050079528242349625 34
1642037546362 0.05085866525769234 35
1642037547396 0.050106409937143326 36
1642037548496 0.0496915727853775 37
1642037549522 0.049846574664115906 38
1642037550496 0.049308259040117264 39
1642037551471 0.04909079894423485 40
1642037552449 0.048743173480033875 41
1642037553449 0.04901188984513283 42
1642037554428 0.04834830015897751 43
1642037555407 0.048396989703178406 44
1642037556388 0.04753589630126953 45
1642037557366 0.047722771763801575 46
1642037558365 0.04698821157217026 47
1642037559345 0.046930719166994095 48
1642037560321 0.04625995084643364 49
1642037561300 0.04595962166786194 50
1642037562275 0.04575783759355545 51
1642037563252 0.04531378298997879 52
1642037564228 0.04513687640428543 53
1642037565208 0.04566100239753723 54
1642037566175 0.04446352273225784 55
1642037567150 0.044243745505809784 56
1642037568130 0.044241130352020264 57
1642037569109 0.04391207545995712 58
1642037570081 0.04395751655101776 59
1642037571057 0.04320209473371506 60
1642037572038 0.043217334896326065 61
1642037573008 0.042376559227705 62
1642037573987 0.042747706174850464 63
1642037574962 0.0419396236538887 64
1642037575935 0.04236096888780594 65
1642037576909 0.04215771704912186 66
1642037577876 0.041850630193948746 67
1642037578856 0.04175886884331703 68
1642037579830 0.04097031056880951 69
1642037580813 0.04064427316188812 70
1642037581789 0.040947601199150085 71
1642037582767 0.04073965549468994 72
1642037583747 0.04004673659801483 73
1642037584722 0.040018435567617416 74
1642037585697 0.03981896489858627 75
1642037586676 0.039098866283893585 76
1642037587656 0.03945488482713699 77
1642037588630 0.039625704288482666 78
1642037589609 0.0388173945248127 79
1642037590581 0.03800740838050842 80
1642037591559 0.03881453350186348 81
1642037592534 0.0384196862578392 82
1642037593510 0.037870943546295166 83
1642037594490 0.03762055188417435 84
1642037595468 0.038768500089645386 85
1642037596445 0.03704262897372246 86
1642037597431 0.03744858130812645 87
1642037598410 0.03720296919345856 88
1642037599384 0.0366012267768383 89
1642037600359 0.03650525212287903 90
1642037601338 0.036679260432720184 91
1642037602312 0.03679334744811058 92
1642037603277 0.03628254309296608 93
1642037604252 0.03592986613512039 94
1642037605226 0.03619059920310974 95
1642037606192 0.035186391323804855 96
1642037607162 0.03548775240778923 97
1642037608138 0.03599337488412857 98
1642037609114 0.03583749383687973 99
1642037610087 0.03540148213505745 100
1642037611059 0.03476998955011368 101
1642037612032 0.03534775972366333 102
1642037613014 0.034671179950237274 103
1642037613988 0.033752210438251495 104
1642037614961 0.0342959426343441 105
1642037615936 0.0345408171415329 106
1642037616912 0.03450509160757065 107
1642037617883 0.034244466572999954 108
1642037618853 0.033995725214481354 109
1642037619827 0.03371882811188698 110
1642037620802 0.033714063465595245 111
1642037621775 0.03347204625606537 112
1642037622750 0.03322498872876167 113
1642037623724 0.03370102867484093 114
1642037624696 0.033146560192108154 115
1642037625669 0.0335269421339035 116
1642037626645 0.03306896239519119 117
1642037627618 0.03293853625655174 118
1642037628593 0.03332652524113655 119
