1641938964866 0.11735957115888596 0
1641938965713 0.07372087240219116 1
1641938966579 0.06634722650051117 2
1641938967440 0.0629669651389122 3
1641938968277 0.06033601239323616 4
1641938969091 0.059811271727085114 5
1641938969870 0.058194663375616074 6
1641938970624 0.05701180547475815 7
1641938971388 0.05572817847132683 8
1641938972123 0.05592437461018562 9
1641938972888 0.05518743023276329 10
1641938973653 0.05417795106768608 11
1641938974411 0.0543302521109581 12
1641938975178 0.053393006324768066 13
1641938975925 0.053083036094903946 14
1641938976693 0.05285486578941345 15
1641938977467 0.052261918783187866 16
1641938978232 0.05152381584048271 17
1641938978964 0.05176384001970291 18
1641938979736 0.050336871296167374 19
1641938980506 0.050456464290618896 20
1641938981260 0.05011748522520065 21
1641938982003 0.049085188657045364 22
1641938982773 0.04906406253576279 23
1641938983532 0.0491713210940361 24
1641938984294 0.04814703390002251 25
1641938985030 0.04738888517022133 26
1641938985786 0.046815190464258194 27
1641938986553 0.046372391283512115 28
1641938987331 0.04617985710501671 29
1641938988095 0.045901454985141754 30
1641938988838 0.04511699825525284 31
1641938989609 0.04451066255569458 32
1641938990384 0.04405441880226135 33
1641938991159 0.04384364187717438 34
1641938991919 0.04318666458129883 35
1641938992689 0.04266074299812317 36
1641938993454 0.04242844507098198 37
1641938994221 0.0418759286403656 38
1641938994994 0.04205746576189995 39
1641938995762 0.040797483175992966 40
1641938996509 0.04014910012483597 41
1641938997280 0.03965076431632042 42
1641938998047 0.039723701775074005 43
1641938998781 0.03890664130449295 44
1641938999545 0.03882043808698654 45
1641939000316 0.03831368312239647 46
1641939001095 0.037045855075120926 47
1641939001882 0.03758123889565468 48
1641939002638 0.036038026213645935 49
1641939003392 0.03636258840560913 50
1641939004164 0.036316998302936554 51
1641939004932 0.03550267219543457 52
1641939005699 0.03497299551963806 53
1641939006457 0.034442223608493805 54
1641939007201 0.03391850367188454 55
1641939007968 0.034100908786058426 56
1641939008792 0.03398874029517174 57
1641939009604 0.03349081054329872 58
1641939010408 0.03246992081403732 59
1641939011190 0.032488130033016205 60
1641939011965 0.03236579895019531 61
1641939012698 0.03202494606375694 62
1641939013456 0.03169986605644226 63
1641939014223 0.03175324574112892 64
1641939014990 0.030996182933449745 65
1641939015751 0.030580749735236168 66
1641939016519 0.030446287244558334 67
1641939017299 0.030151743441820145 68
1641939018065 0.029731949791312218 69
1641939018821 0.029747385531663895 70
1641939019593 0.02893589437007904 71
1641939020359 0.029092345386743546 72
1641939021092 0.02897115983068943 73
1641939021861 0.029178613796830177 74
1641939022632 0.02889072149991989 75
1641939023392 0.028293633833527565 76
1641939024155 0.028325704857707024 77
1641939024900 0.027948712930083275 78
1641939025666 0.028069287538528442 79
