1641955974027 0.07554559409618378 0
1641955975324 0.060800328850746155 1
1641955976684 0.05605367571115494 2
1641955977918 0.05469748377799988 3
1641955979163 0.053448423743247986 4
1641955980462 0.052608951926231384 5
1641955981734 0.051692523062229156 6
1641955982976 0.051432475447654724 7
1641955984322 0.05031180754303932 8
1641955985554 0.049760621041059494 9
1641955986798 0.04903266951441765 10
1641955988135 0.048479530960321426 11
1641955989440 0.04768461361527443 12
1641955990783 0.04643043503165245 13
1641955992022 0.04551804065704346 14
1641955993259 0.045316629111766815 15
1641955994588 0.04427797719836235 16
1641955995834 0.04364693537354469 17
1641955997131 0.042374949902296066 18
1641955998416 0.041492097079753876 19
1641955999661 0.04081171751022339 20
1641956000993 0.04023071005940437 21
1641956002230 0.038844481110572815 22
1641956003525 0.03738789260387421 23
1641956004814 0.036897480487823486 24
1641956006052 0.0355541929602623 25
1641956007395 0.03486519679427147 26
1641956008642 0.033958956599235535 27
1641956010029 0.033006805926561356 28
1641956011373 0.03207249939441681 29
1641956012618 0.03157653287053108 30
1641956013864 0.029818391427397728 31
1641956015214 0.029400138184428215 32
1641956016462 0.029111655429005623 33
1641956017707 0.028363393619656563 34
1641956019052 0.026828235015273094 35
1641956020298 0.02677874267101288 36
1641956021617 0.02572488598525524 37
1641956022887 0.02568034641444683 38
1641956024141 0.025003528222441673 39
