1641936738506 0.12017065286636353 0
1641936740643 0.06613815575838089 1
1641936742508 0.06017065793275833 2
1641936744446 0.056988686323165894 3
1641936746311 0.055667974054813385 4
1641936748281 0.055559538304805756 5
1641936750193 0.054558660835027695 6
1641936752059 0.054431404918432236 7
1641936753968 0.05423033982515335 8
1641936755878 0.05304965376853943 9
1641936757731 0.052957989275455475 10
1641936759649 0.051799457520246506 11
1641936761587 0.05115898326039314 12
1641936763449 0.05028064548969269 13
1641936765352 0.04930092766880989 14
1641936767218 0.048628270626068115 15
1641936769115 0.04764547199010849 16
1641936771025 0.04634909704327583 17
1641936773022 0.04581419378519058 18
1641936774986 0.04460529237985611 19
1641936776895 0.04369044676423073 20
1641936778752 0.04288572445511818 21
1641936780683 0.04214868322014809 22
1641936782587 0.04121152311563492 23
1641936784451 0.04082952067255974 24
1641936786348 0.039953578263521194 25
1641936788252 0.038725703954696655 26
1641936790107 0.03773172199726105 27
1641936792000 0.037380706518888474 28
1641936793905 0.03638552129268646 29
1641936795767 0.03560750186443329 30
1641936797661 0.03458339348435402 31
1641936799568 0.03437887132167816 32
1641936801432 0.033433735370635986 33
1641936803324 0.03311324119567871 34
1641936805229 0.03202199935913086 35
1641936807058 0.03149819001555443 36
1641936808942 0.03130735829472542 37
1641936810818 0.030687130987644196 38
1641936812647 0.029790593311190605 39
1641936814534 0.030057311058044434 40
1641936816405 0.02904646471142769 41
1641936818234 0.028157196938991547 42
1641936820103 0.027532096952199936 43
1641936821931 0.0278469230979681 44
1641936823829 0.027531970292329788 45
1641936825701 0.027171950787305832 46
1641936827535 0.027070654556155205 47
1641936829444 0.026283806189894676 48
1641936831311 0.02562125027179718 49
1641936833140 0.02548368088901043 50
1641936835023 0.02489450015127659 51
1641936836906 0.025582127273082733 52
1641936838733 0.024183211848139763 53
1641936840617 0.0240847896784544 54
1641936842501 0.024049311876296997 55
1641936844369 0.023734571412205696 56
1641936846226 0.023155197501182556 57
1641936848101 0.023533057421445847 58
1641936849969 0.022701984271407127 59
1641936851795 0.023249590769410133 60
1641936853681 0.022282032296061516 61
1641936855564 0.02222221903502941 62
1641936857442 0.02199769765138626 63
1641936859261 0.021603358909487724 64
1641936861218 0.021590622141957283 65
1641936863101 0.021103082224726677 66
1641936864947 0.02124965190887451 67
1641936866832 0.02117268182337284 68
1641936868709 0.0207058098167181 69
1641936870600 0.020544303581118584 70
1641936872423 0.02030397206544876 71
1641936874298 0.02000534161925316 72
1641936876201 0.019948270171880722 73
1641936878070 0.020015092566609383 74
1641936879896 0.02003498561680317 75
1641936881816 0.0191416684538126 76
1641936883682 0.019694391638040543 77
1641936885536 0.019474372267723083 78
1641936887371 0.019283955916762352 79
1641936889323 0.018938617780804634 80
1641936891374 0.018906714394688606 81
1641936893308 0.01917535625398159 82
1641936895475 0.018616795539855957 83
1641936897393 0.018244925886392593 84
1641936899232 0.01809651032090187 85
1641936901136 0.0183218065649271 86
1641936903035 0.018492145463824272 87
1641936904905 0.017920833081007004 88
1641936906794 0.01787172071635723 89
1641936908605 0.017637580633163452 90
1641936910496 0.01775379851460457 91
1641936912383 0.017735334113240242 92
1641936914259 0.01712154969573021 93
1641936916094 0.01724589243531227 94
1641936917999 0.017241016030311584 95
1641936919870 0.017222637310624123 96
1641936921753 0.016901982948184013 97
1641936923633 0.01667148992419243 98
1641936925516 0.016980847343802452 99
1641936927343 0.01688132993876934 100
1641936929232 0.016438471153378487 101
1641936931104 0.016228651627898216 102
1641936932984 0.01645849272608757 103
1641936934867 0.01640208810567856 104
1641936936741 0.016564657911658287 105
1641936938696 0.015990588814020157 106
1641936940610 0.016046246513724327 107
1641936942497 0.01613280549645424 108
1641936944410 0.015886543318629265 109
1641936946576 0.016030412167310715 110
1641936948644 0.015686890110373497 111
1641936950777 0.01564878225326538 112
1641936952894 0.01576690375804901 113
1641936954929 0.015602624975144863 114
1641936957013 0.015722110867500305 115
1641936959123 0.015563388355076313 116
1641936961221 0.015345784835517406 117
1641936963342 0.015103419311344624 118
1641936965437 0.015065244399011135 119
