1642021990711 0.655219554901123 0
1642021993672 0.5802754163742065 1
1642021996355 0.553761899471283 2
1642021998935 0.538489043712616 3
1642022001599 0.5272180438041687 4
1642022004234 0.5171536803245544 5
1642022006925 0.5089113116264343 6
1642022009546 0.503316342830658 7
1642022012210 0.4894249439239502 8
1642022014886 0.4845051169395447 9
1642022017551 0.47050637006759644 10
1642022020168 0.4633042514324188 11
1642022022831 0.4543460011482239 12
1642022025487 0.44311994314193726 13
1642022028120 0.431736558675766 14
1642022030732 0.4245453178882599 15
1642022033385 0.4110773503780365 16
1642022036109 0.39884284138679504 17
1642022038772 0.39409253001213074 18
1642022041725 0.37622466683387756 19
1642022044502 0.3701001703739166 20
1642022047314 0.35622119903564453 21
1642022050209 0.34844908118247986 22
1642022053042 0.3370523750782013 23
1642022055784 0.32398369908332825 24
1642022058559 0.32017001509666443 25
1642022061307 0.3129837214946747 26
1642022064084 0.299390971660614 27
1642022066789 0.28723829984664917 28
1642022069572 0.28241032361984253 29
1642022072382 0.2760188579559326 30
1642022075305 0.2685546875 31
1642022078426 0.26440897583961487 32
1642022081529 0.2541210353374481 33
1642022084455 0.24929893016815186 34
1642022087444 0.24789181351661682 35
1642022090472 0.2348746955394745 36
1642022093281 0.23851551115512848 37
1642022096123 0.22369538247585297 38
1642022098916 0.22938838601112366 39
1642022101678 0.21911421418190002 40
1642022104410 0.2155594527721405 41
1642022107283 0.21074892580509186 42
1642022110133 0.20487909018993378 43
1642022112959 0.19877123832702637 44
1642022115732 0.20209471881389618 45
1642022118810 0.19403527677059174 46
1642022121601 0.19129678606987 47
1642022124494 0.18337778747081757 48
1642022127254 0.18598362803459167 49
1642022130175 0.18075700104236603 50
1642022133075 0.17808693647384644 51
1642022135973 0.17289865016937256 52
1642022138704 0.17926502227783203 53
1642022141640 0.17434640228748322 54
1642022144545 0.17269323766231537 55
1642022147547 0.1712690144777298 56
1642022150347 0.16616827249526978 57
1642022153334 0.15731677412986755 58
1642022156156 0.16603071987628937 59
1642022158896 0.16078230738639832 60
1642022161674 0.1538821905851364 61
1642022164338 0.15317052602767944 62
1642022167058 0.15421313047409058 63
1642022169831 0.15532055497169495 64
1642022172534 0.149821475148201 65
1642022175251 0.14822633564472198 66
1642022177919 0.14620435237884521 67
1642022180651 0.13912643492221832 68
1642022183370 0.14023523032665253 69
1642022186013 0.14674416184425354 70
1642022188738 0.1397625207901001 71
1642022191464 0.13875381648540497 72
1642022194128 0.13700520992279053 73
1642022196891 0.13392992317676544 74
1642022199611 0.14171724021434784 75
1642022202405 0.12847267091274261 76
1642022205157 0.1309976428747177 77
1642022207829 0.13161911070346832 78
1642022210563 0.13232575356960297 79
